o_iti_it bp fp     mu             rho                  LogCost              OptError             Error Reg   Step  Upt
   1   0  0  2 1.0000          1.0000                  -3.6428               73.1232         2690.6100   0 0.0010    0
   2   0  0  2 1.0000          1.0000                  -3.6428               39.1584         2690.6100   1 0.0010    0
   3   0  0  2 1.0000          1.0000                  -3.6428               85.2672         2690.6100   2 0.0010    0
   4   1  0  0 1.0000          1.0000                  -8.3478              215.3123         2606.4163   3 0.0312    1
   5   2  0  0 1.0000          1.0000                 -18.5328              128.1762         2443.3085   3 0.0625    2
   6   3  0  0 1.0000          1.0000                 -37.6483               75.2261         2137.6687   3 0.1250    3
   7   4  0  0 1.0000          1.0000                 -59.7606               58.9316         1603.0293   3 0.2500    4
   8   5  0  0 1.0000          1.0000                 -60.3681               56.5751          801.6156   3 0.5000    5
   9   6  0  0 1.0000          1.0000                 -60.3748               48.5400          776.5661   3 0.0312    6
  10   7  0  0 1.0000          1.0000                 -60.3763               47.9982          770.4992   3 0.0078    7
  11   8  0  0 1.0000          1.0000                 -60.3766               47.8615          764.4798   3 0.0078    8
  12   9  0  0 1.0000          1.0000                 -60.3766               47.7240          762.9866   3 0.0020    9
  13   9  0  2 1.0000          1.0000                 -60.3766               47.6895          762.9866   3 0.0010    9
  14   9  0  2 1.0000          1.0000                 -60.3766              108.2695          762.9866   4 0.0010    9
  15   9  0  2 1.0000          1.0000                 -60.3766              156.3183          762.9866   5 0.0010    9
  16   9  0  2 1.0000          1.0000                 -60.3766              165.0399          762.9866   6 0.0010    9
  17   9  0  2 1.0000          1.0000                 -60.3766              165.9909          762.9866   7 0.0010    9
  18   9  0  2 1.0000          1.0000                 -60.3766              166.0869          762.9866   8 0.0010    9
  19   9  0  2 1.0000          1.0000                 -60.3766              166.0965          762.9866   9 0.0010    9
  20   9  0  2 1.0000          1.0000                 -60.3766              166.0975          762.9866  10 0.0010    9
  21   1  0  0 0.2000         10.0000                 291.8698               77.9887          571.5369   0 0.2500   10
  22   2  0  0 0.2000         10.0000                 272.1149               58.4916          430.1531   0 0.2500   11
  23   3  0  0 0.2000         10.0000                 239.6075               43.8687          323.9577   0 0.2500   12
  24   4  0  0 0.2000         10.0000                 209.5896               32.9015          243.8417   0 0.2500   13
  25   5  0  0 0.2000         10.0000                 187.1996               24.6761          183.3859   0 0.2500   14
  26   6  0  0 0.2000         10.0000                 170.5296               18.5071          137.8410   0 0.2500   15
  27   7  0  0 0.2000         10.0000                 145.3072               13.8803           69.8746   0 0.5000   16
  28   8  0  0 0.2000         10.0000                 126.9084                6.9402           35.3726   0 0.5000   17
  29   9  0  0 0.2000         10.0000                 112.5328                3.4701           17.9026   0 0.5000   18
  30  10  0  0 0.2000         10.0000                 100.9004                1.7350            9.0794   0 0.5000   19
  31   1  0  0 0.0400        100.0000                 516.3344              253.3468            8.1180   0 0.1250   20
  32   2  0  0 0.0400        100.0000                 417.8105              232.0132            7.2512   0 0.1250   21
  33   3  0  0 0.0400        100.0000                 337.9231              256.7821            6.4691   0 0.1250   22
  34   4  0  0 0.0400        100.0000                 272.9060              249.1105            5.7661   0 0.1250   23
  35   5  0  0 0.0400        100.0000                 246.1654              235.8144            5.4261   0 0.0625   24
  36   6  0  0 0.0400        100.0000                 221.7535              228.7048            5.1057   0 0.0625   25
  37   7  0  0 0.0400        100.0000                 178.0773              220.8534            4.5346   0 0.1250   26
  38   8  0  0 0.0400        100.0000                 142.7632              203.2416            4.0193   0 0.1250   27
  39   9  0  0 0.0400        100.0000                 113.1716              185.1277            3.5577   0 0.1250   28
  40  10  0  0 0.0400        100.0000                  88.9398              165.6787            3.1437   0 0.1250   29
  41  11  0  0 0.0400        100.0000                  69.3454              147.3027            2.7728   0 0.1250   30
  42  12  0  0 0.0400        100.0000                  53.4816              133.3619            2.4419   0 0.1250   31
  43  13  0  0 0.0400        100.0000                  40.3406              118.0606            2.1480   0 0.1250   32
  44  14  0  0 0.0400        100.0000                  18.6918              101.2537            1.6452   0 0.2500   33
  45  15  0  0 0.0400        100.0000                  -8.3195               59.1515            0.8926   0 0.5000   34
  46  16  0  0 0.0400        100.0000                 -18.7090               60.4919            0.0537   0 1.0000   35
  47  16  0  2 0.0400        100.0000                 -18.7090              461.8085            0.0537   0 0.0010   35
  48  17  0  0 0.0400       1000.0000                   7.1642              243.0931            0.0533   0 0.5000   36
  49  17  0  2 0.0400       1000.0000                   7.1642              121.5466            0.0533   0 0.0010   36
  50  17  0  2 0.0400       1000.0000                   7.1642              121.5466            0.0533   1 0.0010   36
  51  17  0  2 0.0400       1000.0000                   7.1642              121.5466            0.0533   2 0.0010   36
  52  18  0  0 0.0400       1000.0000                   7.1571              121.5466            0.0420   3 0.2500   37
  53  18  0  2 0.0400       1000.0000                   7.1571               91.1599            0.0420   3 0.0010   37
  54  18  0  2 0.0400       1000.0000                   7.1571               91.1599            0.0420   4 0.0010   37
  55  18  0  2 0.0400       1000.0000                   7.1571               91.1599            0.0420   5 0.0010   37
  56  18  0  2 0.0400       1000.0000                   7.1571              101.4169            0.0420   6 0.0010   37
  57  19  0  0 0.0400       1000.0000                   7.1340              106.8326            0.0001   7 1.0000   38
  58  19  0  2 0.0400       1000.0000                   7.1340               18.2515            0.0001   7 0.0010   38
  59  20  0  0 0.0400      10000.0000                  13.3942              496.9609            0.0001   7 1.0000   39
  60  21  0  0 0.0400      10000.0000                  13.1879              155.4908            0.0001   7 1.0000   40
  61  22  0  0 0.0400     100000.0000                  59.7023             2931.4813            0.0001   7 0.2500   41
  62  23  0  0 0.0400     100000.0000                  52.7612             2222.4603            0.0001   7 0.2500   42
  63  24  0  0 0.0400     100000.0000                  42.6009             1760.6508            0.0001   7 0.5000   43
  64  25  0  0 0.0400     100000.0000                  31.7176             1057.9652            0.0001   7 1.0000   44
  65  26  0  0 0.0400     100000.0000                  28.6339              318.3391            0.0001   7 1.0000   45
  66  27  0  0 0.0400    1000000.0000                 121.2010            11991.4512            0.0001   7 0.5000   46
  67  28  0  0 0.0400    1000000.0000                  95.0954             5995.7256            0.0001   7 1.0000   47
  68  29  0  0 0.0400    1000000.0000                  94.8195              501.6849            0.0001   7 1.0000   48
  69  30  0  0 0.0400    1000000.0000                 142.4706             4990.9406            0.0001   7 1.0000   49
  70  31  0  0 0.0400    1000000.0000                 138.8918              478.1636            0.0001   7 1.0000   50
  71  32  0  0 0.0400    1000000.0000                 175.0679             4709.4332            0.0001   7 1.0000   51
  72  33  0  0 0.0400    1000000.0000                 170.6220              445.3577            0.0001   7 1.0000   52
  73  33  0  2 0.0400    1000000.0000                 170.6220             4385.8647            0.0001   7 0.0010   52
  74  33  0  2 0.0400    1000000.0000                 170.6220             4385.8647            0.0001   8 0.0010   52
  75  33  0  2 0.0400    1000000.0000                 170.6220             4385.8647            0.0001   9 0.0010   52
  76  33  0  2 0.0400    1000000.0000                 170.6220             4385.8647            0.0001  10 0.0010   52
  77   1  0  0 0.0080    1000000.0000                 238.7517             8771.7294            0.0001   0 0.0156   53
  78   2  0  0 0.0080    1000000.0000                 237.2530             8634.6711            0.0001   0 0.0039   54
  79   3  0  0 0.0080    1000000.0000                 236.5075             8600.9419            0.0001   0 0.0020   55
  80   4  0  0 0.0080    1000000.0000                 235.7641             8584.1432            0.0001   0 0.0020   56
  81   5  0  0 0.0080    1000000.0000                 235.0227             8567.3773            0.0001   0 0.0020   57
  82   6  0  0 0.0080    1000000.0000                 234.2834             8550.6441            0.0001   0 0.0020   58
  83   6  0  1 0.0080    1000000.0000                 234.2834             8533.9436            0.0001   0 0.0010   58
  84   7  0  0 0.0080    1000000.0000                 233.5458             8533.9436            0.0001   1 0.0020   59
  85   8  0  0 0.0080    1000000.0000                 232.8103             8517.2758            0.0001   1 0.0020   60
  86   8  0  1 0.0080    1000000.0000                 232.8103             8500.6405            0.0001   1 0.0010   60
  87   9  0  0 0.0080    1000000.0000                 229.8784             8500.6405            0.0001   2 0.0078   61
  88  10  0  0 0.0080    1000000.0000                 226.9783             8434.2292            0.0001   2 0.0078   62
  89  11  0  0 0.0080    1000000.0000                 224.1096             8368.3368            0.0001   2 0.0078   63
  90  12  0  0 0.0080    1000000.0000                 221.2720             8302.9592            0.0001   2 0.0078   64
  91  13  0  0 0.0080    1000000.0000                 218.4651             8238.0923            0.0001   2 0.0078   65
  92  14  0  0 0.0080    1000000.0000                 215.6885             8173.7322            0.0001   2 0.0078   66
  93  15  0  0 0.0080    1000000.0000                 212.9419             8109.8749            0.0001   2 0.0078   67
  94  16  0  0 0.0080    1000000.0000                 210.2251             8046.5165            0.0001   2 0.0078   68
  95  17  0  0 0.0080    1000000.0000                 207.5375             7983.6531            0.0001   2 0.0078   69
  96  18  0  0 0.0080    1000000.0000                 204.8790             7921.2808            0.0001   2 0.0078   70
  97  19  0  0 0.0080    1000000.0000                 199.6234             7859.3958            0.0001   2 0.0156   71
  98  20  0  0 0.0080    1000000.0000                 197.0502             7736.5928            0.0001   2 0.0078   72
  99  21  0  0 0.0080    1000000.0000                 194.5047             7676.1506            0.0001   2 0.0078   73
 100  22  0  0 0.0080    1000000.0000                 191.9867             7616.1807            0.0001   2 0.0078   74
 101  23  0  0 0.0080    1000000.0000                 189.4957             7556.6793            0.0001   2 0.0078   75
 102  24  0  0 0.0080    1000000.0000                 187.0316             7497.6427            0.0001   2 0.0078   76
 103  25  0  0 0.0080    1000000.0000                 182.1600             7439.0674            0.0001   2 0.0156   77
 104  26  0  0 0.0080    1000000.0000                 179.7748             7322.8320            0.0001   2 0.0078   78
 105  27  0  0 0.0080    1000000.0000                 177.4152             7265.6224            0.0001   2 0.0078   79
 106  28  0  0 0.0080    1000000.0000                 175.0809             7208.8597            0.0001   2 0.0078   80
 107  29  0  0 0.0080    1000000.0000                 170.4659             7152.5405            0.0001   2 0.0156   81
 108  30  0  0 0.0080    1000000.0000                 168.2063             7040.7820            0.0001   2 0.0078   82
 109  31  0  0 0.0080    1000000.0000                 165.9709             6985.7759            0.0001   2 0.0078   83
 110  32  0  0 0.0080    1000000.0000                 161.5513             6931.1995            0.0001   2 0.0156   84
 111  33  0  0 0.0080    1000000.0000                 159.3873             6822.8995            0.0001   2 0.0078   85
 112  34  0  0 0.0080    1000000.0000                 155.1086             6769.5956            0.0001   2 0.0156   86
 113  35  0  0 0.0080    1000000.0000                 153.0137             6663.8207            0.0001   2 0.0078   87
 114  36  0  0 0.0080    1000000.0000                 148.8715             6611.7596            0.0001   2 0.0156   88
 115  37  0  0 0.0080    1000000.0000                 146.8433             6508.4509            0.0001   2 0.0078   89
 116  38  0  0 0.0080    1000000.0000                 142.8332             6457.6036            0.0001   2 0.0156   90
 117  39  0  0 0.0080    1000000.0000                 140.8697             6356.7035            0.0001   2 0.0078   91
 118  40  0  0 0.0080    1000000.0000                 136.9873             6307.0418            0.0001   2 0.0156   92
 119  41  0  0 0.0080    1000000.0000                 133.1879             6208.4943            0.0001   2 0.0156   93
 120  42  0  0 0.0080    1000000.0000                 129.4697             6111.4865            0.0001   2 0.0156   94
 121  43  0  0 0.0080    1000000.0000                 125.8309             6015.9946            0.0001   2 0.0156   95
 122  44  0  0 0.0080    1000000.0000                 122.2700             5921.9947            0.0001   2 0.0156   96
 123  45  0  0 0.0080    1000000.0000                 118.7851             5829.4635            0.0001   2 0.0156   97
 124  46  0  0 0.0080    1000000.0000                 115.3747             5738.3781            0.0001   2 0.0156   98
 125  47  0  0 0.0080    1000000.0000                 112.0372             5648.7160            0.0001   2 0.0156   99
 126  48  0  0 0.0080    1000000.0000                 108.7711             5560.4548            0.0001   2 0.0156  100
 127  49  0  0 0.0080    1000000.0000                 105.5748             5473.5727            0.0001   2 0.0156  101
 128  50  0  0 0.0080    1000000.0000                 102.4468             5388.0481            0.0001   2 0.0156  102
 129  51  0  0 0.0080    1000000.0000                  99.3858             5303.8598            0.0001   2 0.0156  103
 130  52  0  0 0.0080    1000000.0000                  96.3902             5220.9870            0.0001   2 0.0156  104
 131  53  0  0 0.0080    1000000.0000                  93.4588             5139.4091            0.0001   2 0.0156  105
 132  54  0  0 0.0080    1000000.0000                  87.7273             5059.1058            0.0001   2 0.0312  106
 133  55  0  0 0.0080    1000000.0000                  84.9814             4901.0088            0.0001   2 0.0156  107
 134  56  0  0 0.0080    1000000.0000                  82.2945             4824.4305            0.0001   2 0.0156  108
 135  57  0  0 0.0080    1000000.0000                  79.6651             4749.0488            0.0001   2 0.0156  109
 136  58  0  0 0.0080    1000000.0000                  74.5242             4674.8449            0.0001   2 0.0312  110
 137  59  0  0 0.0080    1000000.0000                  72.0619             4528.7560            0.0001   2 0.0156  111
 138  60  0  0 0.0080    1000000.0000                  67.2474             4457.9942            0.0001   2 0.0312  112
 139  61  0  0 0.0080    1000000.0000                  64.9418             4318.6819            0.0001   2 0.0156  113
 140  62  0  0 0.0080    1000000.0000                  60.4339             4251.2025            0.0001   2 0.0312  114
 141  63  0  0 0.0080    1000000.0000                  56.1206             4118.3524            0.0001   2 0.0312  115
 142  64  0  0 0.0080    1000000.0000                  51.9939             3989.6539            0.0001   2 0.0312  116
 143  65  0  0 0.0080    1000000.0000                  48.0464             3864.9772            0.0001   2 0.0312  117
 144  66  0  0 0.0080    1000000.0000                  44.2706             3744.1967            0.0001   2 0.0312  118
 145  67  0  0 0.0080    1000000.0000                  40.6598             3627.1905            0.0001   2 0.0312  119
 146  68  0  0 0.0080    1000000.0000                  37.2073             3513.8408            0.0001   2 0.0312  120
 147  69  0  0 0.0080    1000000.0000                  33.9066             3404.0333            0.0001   2 0.0312  121
 148  70  0  0 0.0080    1000000.0000                  30.7518             3297.6572            0.0001   2 0.0312  122
 149  71  0  0 0.0080    1000000.0000                  24.7292             3194.6055            0.0001   2 0.0625  123
 150  72  0  0 0.0080    1000000.0000                  21.9827             2994.9426            0.0001   2 0.0312  124
 151  73  0  0 0.0080    1000000.0000                  16.7427             2901.3507            0.0001   2 0.0625  125
 152  74  0  0 0.0080    1000000.0000                  11.9764             2720.0162            0.0001   2 0.0625  126
 153  75  0  0 0.0080    1000000.0000                   7.6466             2550.0152            0.0001   2 0.0625  127
 154  76  0  0 0.0080    1000000.0000                   3.7193             2390.6393            0.0001   2 0.0625  128
 155  77  0  0 0.0080    1000000.0000                   0.1628             2241.2243            0.0001   2 0.0625  129
 156  78  0  0 0.0080    1000000.0000                  -6.2580             2101.1478            0.0001   2 0.1250  130
 157  79  0  0 0.0080    1000000.0000                 -11.4238             1838.5043            0.0001   2 0.1250  131
 158  80  0  0 0.0080    1000000.0000                 -15.5288             1608.6913            0.0001   2 0.1250  132
 159  81  0  0 0.0080    1000000.0000                 -18.7376             1407.6049            0.0001   2 0.1250  133
 160  82  0  0 0.0080    1000000.0000                 -23.6382             1231.6543            0.0001   2 0.2500  134
 161  83  0  0 0.0080    1000000.0000                 -28.3589              923.7407            0.0001   2 0.5000  135
 162  83  0  2 0.0080    1000000.0000                 -28.3589              461.8703            0.0001   2 0.0010  135
 163  83  0  2 0.0080    1000000.0000                 -28.3589              461.8703            0.0001   3 0.0010  135
 164  83  0  2 0.0080    1000000.0000                 -28.3589              461.8703            0.0001   4 0.0010  135
 165  83  0  2 0.0080    1000000.0000                 -28.3589              461.8703            0.0001   5 0.0010  135
 166  83  0  2 0.0080    1000000.0000                 -28.3589              461.8703            0.0001   6 0.0010  135
 167  84  0  0 0.0080    1000000.0000                 -28.3838              461.8703            0.0001   7 1.0000  136
 168  84  0  2 0.0080    1000000.0000                 -28.3838               63.7273            0.0001   7 0.0010  136
 169  84  0  2 0.0080    1000000.0000                 -28.3838              608.3462            0.0001   8 0.0010  136
 170  84  0  2 0.0080    1000000.0000                 -28.3838              608.3462            0.0001   9 0.0010  136
 171  84  0  2 0.0080    1000000.0000                 -28.3838              608.3462            0.0001  10 0.0010  136
 172   0  0  2 0.0016    1000000.0000                 -27.9588             1216.6924            0.0001   0 0.0010  136
 173   0  0  2 0.0016    1000000.0000                 -27.9588             1216.6924            0.0001   1 0.0010  136
 174   0  0  2 0.0016    1000000.0000                 -27.9588             1216.6924            0.0001   2 0.0010  136
 175   0  0  2 0.0016    1000000.0000                 -27.9588             1216.6924            0.0001   3 0.0010  136
 176   0  0  2 0.0016    1000000.0000                 -27.9588             1216.6924            0.0001   4 0.0010  136
 177   0  0  2 0.0016    1000000.0000                 -27.9588             1216.6924            0.0001   5 0.0010  136
 178   0  0  2 0.0016    1000000.0000                 -27.9588             1216.6924            0.0001   6 0.0010  136
 179   0  0  2 0.0016    1000000.0000                 -27.9588             1216.6924            0.0001   7 0.0010  136
 180   0  0  2 0.0016    1000000.0000                 -27.9588             1216.6924            0.0001   8 0.0010  136
 181   1  0  0 0.0016    1000000.0000                 -27.9641             1216.6924            0.0001   9 1.0000  137
 182   2  0  0 0.0016    1000000.0000                 -27.9651               71.4654            0.0001   9 1.0000  138
 183   2  0  2 0.0016    1000000.0000                 -27.9651              608.5928            0.0001   9 0.0010  138
 184   2  0  2 0.0016    1000000.0000                 -27.9651              608.5928            0.0001  10 0.0010  138
 185   0  0  2 0.0003    1000000.0000                 -26.6296             1217.1855            0.0001   0 0.0010  138
 186   0  0  2 0.0003    1000000.0000                 -26.6296             1217.1855            0.0001   1 0.0010  138
 187   0  0  2 0.0003    1000000.0000                 -26.6296             1217.1855            0.0001   2 0.0010  138
 188   0  0  2 0.0003    1000000.0000                 -26.6296             1217.1855            0.0001   3 0.0010  138
 189   0  0  2 0.0003    1000000.0000                 -26.6296             1217.1855            0.0001   4 0.0010  138
 190   0  0  2 0.0003    1000000.0000                 -26.6296             1217.1855            0.0001   5 0.0010  138
 191   0  0  2 0.0003    1000000.0000                 -26.6296             1217.1855            0.0001   6 0.0010  138
 192   0  0  2 0.0003    1000000.0000                 -26.6296             1217.1855            0.0001   7 0.0010  138
 193   0  0  2 0.0003    1000000.0000                 -26.6296             1217.1855            0.0001   8 0.0010  138
 194   1  0  0 0.0003    1000000.0000                 -26.6333             1217.1855            0.0001   9 1.0000  139
 195   2  0  0 0.0003    1000000.0000                 -26.6338               66.5002            0.0001   9 1.0000  140
 196   2  0  2 0.0003    1000000.0000                 -26.6338              608.7534            0.0001   9 0.0010  140
 197   2  0  2 0.0003    1000000.0000                 -26.6338              608.7534            0.0001  10 0.0010  140
 198   0  0  2 0.0001    1000000.0000                 -25.1192             1217.5068            0.0001   0 0.0010  140
 199   0  0  2 0.0001    1000000.0000                 -25.1192             1217.5068            0.0001   1 0.0010  140
 200   0  0  2 0.0001    1000000.0000                 -25.1192             1217.5068            0.0001   2 0.0010  140
 201   0  0  2 0.0001    1000000.0000                 -25.1192             1217.5068            0.0001   3 0.0010  140
 202   0  0  2 0.0001    1000000.0000                 -25.1192             1217.5068            0.0001   4 0.0010  140
 203   0  0  2 0.0001    1000000.0000                 -25.1192             1217.5068            0.0001   5 0.0010  140
 204   0  0  2 0.0001    1000000.0000                 -25.1192             1217.5068            0.0001   6 0.0010  140
 205   0  0  2 0.0001    1000000.0000                 -25.1192             1217.5068            0.0001   7 0.0010  140
 206   0  0  2 0.0001    1000000.0000                 -25.1192             1217.5068            0.0001   8 0.0010  140
 207   1  0  0 0.0001    1000000.0000                 -25.1214             1217.5068            0.0001   9 1.0000  141
 208   2  0  0 0.0001    1000000.0000                 -25.1215               62.1152            0.0001   9 1.0000  142
 209   2  0  2 0.0001    1000000.0000                 -25.1215              608.8238            0.0001   9 0.0010  142
 210   2  0  2 0.0001    1000000.0000                 -25.1215              608.8238            0.0001  10 0.0010  142
 211   0  0  2 0.0000    1000000.0000                 -23.5747             1217.6476            0.0001   0 0.0010  142
 212   0  0  2 0.0000    1000000.0000                 -23.5747             1217.6476            0.0001   1 0.0010  142
 213   0  0  2 0.0000    1000000.0000                 -23.5747             1217.6476            0.0001   2 0.0010  142
 214   0  0  2 0.0000    1000000.0000                 -23.5747             1217.6476            0.0001   3 0.0010  142
 215   0  0  2 0.0000    1000000.0000                 -23.5747             1217.6476            0.0001   4 0.0010  142
 216   0  0  2 0.0000    1000000.0000                 -23.5747             1217.6476            0.0001   5 0.0010  142
 217   0  0  2 0.0000    1000000.0000                 -23.5747             1217.6476            0.0001   6 0.0010  142
 218   0  0  2 0.0000    1000000.0000                 -23.5747             1217.6476            0.0001   7 0.0010  142
 219   0  0  2 0.0000    1000000.0000                 -23.5747             1217.6476            0.0001   8 0.0010  142
 220   1  0  0 0.0000    1000000.0000                 -23.5756             1217.6476            0.0001   9 1.0000  143
 221   1  0  2 0.0000    1000000.0000                 -23.5756               60.8888            0.0001   9 0.0010  143
 222   1  0  2 0.0000    1000000.0000                 -23.5756              608.8257            0.0001  10 0.0010  143
 223   0  0  2 0.0000    1000000.0000                 -22.0232             1217.6514            0.0001   0 0.0010  143
 224   0  0  2 0.0000    1000000.0000                 -22.0232             1217.6514            0.0001   1 0.0010  143
 225   0  0  2 0.0000    1000000.0000                 -22.0232             1217.6514            0.0001   2 0.0010  143
 226   0  0  2 0.0000    1000000.0000                 -22.0232             1217.6514            0.0001   3 0.0010  143
 227   0  0  2 0.0000    1000000.0000                 -22.0232             1217.6514            0.0001   4 0.0010  143
 228   0  0  2 0.0000    1000000.0000                 -22.0232             1217.6514            0.0001   5 0.0010  143
 229   0  0  2 0.0000    1000000.0000                 -22.0232             1217.6514            0.0001   6 0.0010  143
 230   0  0  2 0.0000    1000000.0000                 -22.0232             1217.6514            0.0001   7 0.0010  143
 231   0  0  2 0.0000    1000000.0000                 -22.0232             1217.6514            0.0001   8 0.0010  143
 232   1  0  0 0.0000    1000000.0000                 -22.0237             1217.6514            0.0001   9 1.0000  144
 233   1  0  2 0.0000    1000000.0000                 -22.0237               60.8817            0.0001   9 0.0010  144
 234   1  0  2 0.0000    1000000.0000                 -22.0237              608.7848            0.0001  10 0.0010  144
Outer Max/Min

In Total : 0.6308 Seconds
X_result = 
 5.0000  5.0000 10.0000 -0.2000 -0.2000 -0.3000
 4.9800  4.9800  9.9700 -0.2888 -0.2176 -0.4366
 4.9511  4.9582  9.9263 -0.3735 -0.2326 -0.5464
 4.9138  4.9350  9.8717 -0.4525 -0.2437 -0.6333
 4.8685  4.9106  9.8084 -0.5264 -0.2522 -0.7002
 4.8159  4.8854  9.7383 -0.5949 -0.2597 -0.7500
 4.7564  4.8594  9.6633 -0.6595 -0.2639 -0.7847
 4.6904  4.8330  9.5849 -0.7186 -0.2668 -0.8064
 4.6186  4.8063  9.5042 -0.7718 -0.2686 -0.8172
 4.5414  4.7795  9.4225 -0.8205 -0.2688 -0.8188
 4.4594  4.7526  9.3407 -0.8633 -0.2686 -0.8129
 4.3730  4.7257  9.2594 -0.9007 -0.2670 -0.8013
 4.2830  4.6990  9.1792 -0.9322 -0.2658 -0.7854
 4.1897  4.6725  9.1007 -0.9584 -0.2642 -0.7668
 4.0939  4.6460  9.0240 -0.9785 -0.2631 -0.7467
 3.9960  4.6197  8.9493 -0.9916 -0.2624 -0.7266
 3.8969  4.5935  8.8767 -0.9986 -0.2621 -0.7075
 3.7970  4.5673  8.8059 -0.9996 -0.2620 -0.6903
 3.6971  4.5411  8.7369 -0.9940 -0.2628 -0.6758
 3.5977  4.5148  8.6693 -0.9829 -0.2649 -0.6644
 3.4994  4.4883  8.6029 -0.9646 -0.2665 -0.6562
 3.4029  4.4617  8.5373 -0.9414 -0.2702 -0.6512
 3.3088  4.4347  8.4721 -0.9122 -0.2744 -0.6488
 3.2176  4.4072  8.4073 -0.8782 -0.2785 -0.6484
 3.1297  4.3794  8.3424 -0.8390 -0.2823 -0.6491
 3.0458  4.3511  8.2775 -0.7976 -0.2858 -0.6499
 2.9661  4.3226  8.2125 -0.7534 -0.2893 -0.6502
 2.8907  4.2936  8.1475 -0.7081 -0.2929 -0.6491
 2.8199  4.2643  8.0826 -0.6621 -0.2967 -0.6462
 2.7537  4.2347  8.0180 -0.6143 -0.2994 -0.6411
 2.6923  4.2047  7.9539 -0.5683 -0.3023 -0.6335
 2.6355  4.1745  7.8905 -0.5227 -0.3049 -0.6232
 2.5832  4.1440  7.8282 -0.4778 -0.3070 -0.6102
 2.5354  4.1133  7.7672 -0.4350 -0.3081 -0.5947
 2.4919  4.0825  7.7077 -0.3947 -0.3093 -0.5767
 2.4524  4.0516  7.6500 -0.3559 -0.3102 -0.5565
 2.4168  4.0205  7.5944 -0.3195 -0.3098 -0.5343
 2.3849  3.9896  7.5409 -0.2855 -0.3100 -0.5105
 2.3563  3.9586  7.4899 -0.2530 -0.3089 -0.4855
 2.3310  3.9277  7.4413 -0.2240 -0.3087 -0.4595
 2.3086  3.8968  7.3954 -0.1964 -0.3073 -0.4329
 2.2890  3.8661  7.3521 -0.1714 -0.3071 -0.4061
 2.2719  3.8354  7.3115 -0.1480 -0.3054 -0.3795
 2.2571  3.8048  7.2736 -0.1271 -0.3053 -0.3534
 2.2443  3.7743  7.2382 -0.1072 -0.3047 -0.3281
 2.2336  3.7438  7.2054 -0.0898 -0.3049 -0.3039
 2.2246  3.7133  7.1750 -0.0737 -0.3055 -0.2811
 2.2173  3.6828  7.1469 -0.0580 -0.3055 -0.2598
 2.2115  3.6522  7.1209 -0.0432 -0.3062 -0.2403
 2.2072  3.6216  7.0969 -0.0309 -0.3076 -0.2225
 2.2041  3.5908  7.0746 -0.0179 -0.3093 -0.2066
 2.2023  3.5599  7.0540 -0.0066 -0.3124 -0.1926
 2.2016  3.5287  7.0347  0.0028 -0.3162 -0.1805
 2.2019  3.4971  7.0167  0.0111 -0.3224 -0.1700
 2.2030  3.4648  6.9997  0.0186 -0.3299 -0.1611
 2.2049  3.4318  6.9836  0.0244 -0.3383 -0.1536
 2.2073  3.3980  6.9682  0.0264 -0.3493 -0.1473
 2.2099  3.3631  6.9535  0.0243 -0.3625 -0.1420
 2.2124  3.3268  6.9393  0.0176 -0.3779 -0.1373
 2.2141  3.2890  6.9255  0.0063 -0.3955 -0.1331
 2.2148  3.2495  6.9122 -0.0118 -0.4156 -0.1292
 2.2136  3.2079  6.8993 -0.0364 -0.4393 -0.1256
 2.2099  3.1640  6.8868 -0.0665 -0.4661 -0.1225
 2.2033  3.1174  6.8745 -0.1034 -0.4976 -0.1201
 2.1930  3.0676  6.8625 -0.1467 -0.5323 -0.1190
 2.1783  3.0144  6.8506 -0.1965 -0.5687 -0.1200
 2.1586  2.9575  6.8386 -0.2505 -0.6095 -0.1239
 2.1336  2.8966  6.8262 -0.3081 -0.6515 -0.1323
 2.1028  2.8314  6.8130 -0.3670 -0.6970 -0.1468
 2.0661  2.7617  6.7983 -0.4269 -0.7425 -0.1693
 2.0234  2.6875  6.7814 -0.4857 -0.7904 -0.2021
 1.9748  2.6084  6.7612 -0.5421 -0.8371 -0.2476
 1.9206  2.5247  6.7364 -0.5952 -0.8843 -0.3085
 1.8611  2.4363  6.7056 -0.6419 -0.9301 -0.3870
 1.7969  2.3433  6.6669 -0.6804 -0.9716 -0.4856
 1.7289  2.2461  6.6183 -0.7098 -1.0098 -0.6064
 1.6579  2.1451  6.5577 -0.7290 -1.0435 -0.7511
 1.5850  2.0408  6.4826 -0.7371 -1.0709 -0.9213
 1.5113  1.9337  6.3904 -0.7312 -1.0900 -1.1180
 1.4382  1.8247  6.2786 -0.7116 -1.0988 -1.3417
 1.3670  1.7148  6.1445 -0.6787 -1.0967 -1.5916
 1.2991  1.6051  5.9853 -0.6340 -1.0834 -1.8648
 1.2357  1.4968  5.7988 -0.5882 -1.0582 -2.1543
 1.1769  1.3910  5.5834 -0.5603 -1.0253 -2.4463
 1.1209  1.2884  5.3388 -0.5539 -0.9841 -2.7330
 1.0655  1.1900  5.0655 -0.5689 -0.9342 -3.0061
 1.0086  1.0966  4.7648 -0.6037 -0.8860 -3.2534
 0.9482  1.0080  4.4395 -0.6539 -0.8663 -3.4553
 0.8828  0.9214  4.0940 -0.7128 -0.8665 -3.6018
 0.8116  0.8347  3.7338 -0.7756 -0.8804 -3.6832
 0.7340  0.7467  3.3655 -0.8338 -0.8995 -3.6897
 0.6506  0.6567  2.9965 -0.8809 -0.9192 -3.6124
 0.5625  0.5648  2.6353 -0.9115 -0.9303 -3.4433
 0.4714  0.4718  2.2909 -0.9189 -0.9256 -3.1757
 0.3795  0.3792  1.9734 -0.8967 -0.8970 -2.8029
 0.2898  0.2895  1.6931 -0.8401 -0.8385 -2.3369
 0.2058  0.2057  1.4594 -0.7467 -0.7454 -1.8575
 0.1311  0.1311  1.2736 -0.6176 -0.6168 -1.3801
 0.0694  0.0695  1.1356 -0.4500 -0.4504 -0.9093
 0.0244  0.0244  1.0447 -0.2443 -0.2450 -0.4482
-0.0000 -0.0001  0.9999  0.0003  0.0005  0.0006
U_result = 
-0.8883 -0.1760  8.4437
-0.8465 -0.1504  8.7124
-0.7900 -0.1104  8.9414
-0.7388 -0.0851  9.1400
-0.6854 -0.0750  9.3128
-0.6458 -0.0424  9.4631
-0.5916 -0.0287  9.5925
-0.5317 -0.0174  9.7023
-0.4867 -0.0022  9.7942
-0.4280  0.0013  9.8685
-0.3742  0.0163  9.9265
-0.3153  0.0122  9.9687
-0.2620  0.0158  9.9963
-0.2002  0.0109 10.0101
-0.1316  0.0070 10.0112
-0.0694  0.0033 10.0012
-0.0101  0.0015  9.9819
 0.0562 -0.0084  9.9553
 0.1110 -0.0207  9.9242
 0.1823 -0.0161  9.8914
 0.2327 -0.0368  9.8602
 0.2920 -0.0425  9.8338
 0.3392 -0.0406  9.8144
 0.3920 -0.0385  9.8035
 0.4138 -0.0351  9.8014
 0.4420 -0.0346  9.8074
 0.4531 -0.0363  9.8204
 0.4607 -0.0379  9.8390
 0.4777 -0.0274  9.8613
 0.4602 -0.0291  9.8864
 0.4559 -0.0254  9.9129
 0.4484 -0.0215  9.9395
 0.4281 -0.0107  9.9654
 0.4034 -0.0118  9.9898
 0.3880 -0.0092 10.0120
 0.3637  0.0044 10.0315
 0.3399 -0.0027 10.0479
 0.3250  0.0112 10.0608
 0.2902  0.0024 10.0702
 0.2758  0.0134 10.0758
 0.2501  0.0024 10.0778
 0.2340  0.0169 10.0761
 0.2087  0.0005 10.0710
 0.2000  0.0063 10.0627
 0.1738 -0.0025 10.0518
 0.1608 -0.0053 10.0383
 0.1565 -0.0004 10.0227
 0.1481 -0.0067 10.0056
 0.1235 -0.0145  9.9875
 0.1295 -0.0165  9.9687
 0.1130 -0.0306  9.9500
 0.0946 -0.0387  9.9319
 0.0831 -0.0618  9.9147
 0.0747 -0.0750  9.8989
 0.0576 -0.0842  9.8847
 0.0203 -0.1101  9.8730
-0.0209 -0.1316  9.8637
-0.0670 -0.1538  9.8569
-0.1132 -0.1767  9.8521
-0.1814 -0.2007  9.8488
-0.2452 -0.2373  9.8458
-0.3012 -0.2680  9.8413
-0.3694 -0.3145  9.8337
-0.4329 -0.3469  9.8209
-0.4983 -0.3645  9.8006
-0.5393 -0.4072  9.7701
-0.5758 -0.4209  9.7262
-0.5894 -0.4546  9.6656
-0.5994 -0.4547  9.5851
-0.5872 -0.4793  9.4819
-0.5642 -0.4665  9.3542
-0.5313 -0.4727  9.2018
-0.4671 -0.4576  9.0246
-0.3845 -0.4150  8.8240
-0.2942 -0.3818  8.6026
-0.1922 -0.3378  8.3628
-0.0805 -0.2738  8.1080
 0.0584 -0.1910  7.8425
 0.1960 -0.0877  7.5733
 0.3288  0.0205  7.3114
 0.4470  0.1332  7.0772
 0.4588  0.2522  6.9156
 0.2783  0.3294  6.8900
 0.0643  0.4115  6.9427
-0.1505  0.4989  7.0787
-0.3477  0.4819  7.3378
-0.5017  0.1975  7.7902
-0.5888 -0.0024  8.3456
-0.6282 -0.1385  8.9961
-0.5824 -0.1915  9.7447
-0.4703 -0.1964 10.5835
-0.3064 -0.1114 11.5006
-0.0742  0.0475 12.4863
 0.2227  0.2853 13.5381
 0.5657  0.5852 14.4691
 0.9340  0.9315 14.6046
 1.2910  1.2853 14.5843
 1.6760  1.6646 14.5173
 2.0564  2.0535 14.4213
 2.4464  2.4557 14.2981
