o_iti_it bp fp     mu             rho                  LogCost              OptError             Error Reg   Step  Upt
   1   0  0 11 1.0000          1.0000                  -3.3736             4611.3582        31211.5960   0 0.0010    0
   2   1  0  0 1.0000          1.0000                -125.4978              227.7820        30723.9148   1 0.0156    1
   3   2  0  0 1.0000          1.0000                -284.0338              180.2775        29763.7925   1 0.0312    2
   4   3  0  0 1.0000          1.0000                -473.8791              152.6440        27903.5554   1 0.0625    3
   5   4  0  0 1.0000          1.0000                -685.0492              140.1172        24415.6110   1 0.1250    4
   6   5  0  0 1.0000          1.0000                -803.5361              122.9264        21363.6597   1 0.1250    5
   7   6  0  0 1.0000          1.0000                -881.9955              142.8581        18693.2022   1 0.1250    6
   8   7  0  0 1.0000          1.0000                -988.5026              186.4719        14019.9017   1 0.2500    7
   9   8  0  0 1.0000          1.0000               -1052.3195              390.0771        10514.9263   1 0.2500    8
  10   9  0  0 1.0000          1.0000               -1133.4533              698.4697         5257.4632   1 0.5000    9
  11  10  0  0 1.0000          1.0000               -1199.6810             1168.1410            0.0044   1 1.0000   10
  12  11  0  0 1.0000          1.0000               -1199.7051                0.9855            0.0001   1 1.0000   11
  13   1  0  0 0.2000         10.0000                -192.7395               27.3284            0.0001   0 0.0156   12
  14   2  0  0 0.2000         10.0000                -192.9907               26.9014            0.0001   0 0.0156   13
  15   3  0  0 0.2000         10.0000                -193.2369               26.4811            0.0001   0 0.0156   14
  16   4  0  0 0.2000         10.0000                -193.4783               26.0673            0.0001   0 0.0156   15
  17   5  0  0 0.2000         10.0000                -193.5965               25.6600            0.0001   0 0.0078   16
  18   6  0  0 0.2000         10.0000                -193.6550               25.4595            0.0001   0 0.0039   17
  19   7  0  0 0.2000         10.0000                -193.6842               25.3601            0.0001   0 0.0020   18
  20   8  0  0 0.2000         10.0000                -193.7132               25.3105            0.0001   0 0.0020   19
  21   9  0  0 0.2000         10.0000                -193.7422               25.2611            0.0001   0 0.0020   20
  22  10  0  0 0.2000         10.0000                -193.7711               25.2118            0.0001   0 0.0020   21
  23  10  0  1 0.2000         10.0000                -193.7711               25.1625            0.0001   0 0.0010   21
  24  11  0  0 0.2000         10.0000                -193.8320               25.1625            0.0001   1 0.0156   22
  25  12  0  0 0.2000         10.0000                -193.8919               24.7694            0.0001   1 0.0156   23
  26  13  0  0 0.2000         10.0000                -193.9506               24.3823            0.0001   1 0.0156   24
  27  14  0  0 0.2000         10.0000                -194.0660               24.0014            0.0001   1 0.0312   25
  28  15  0  0 0.2000         10.0000                -194.1216               23.2513            0.0001   1 0.0156   26
  29  16  0  0 0.2000         10.0000                -194.1762               22.8880            0.0001   1 0.0156   27
  30  17  0  0 0.2000         10.0000                -194.2835               22.5304            0.0001   1 0.0312   28
  31  18  0  0 0.2000         10.0000                -194.3352               21.8263            0.0001   1 0.0156   29
  32  19  0  0 0.2000         10.0000                -194.4369               21.4853            0.0001   1 0.0312   30
  33  20  0  0 0.2000         10.0000                -194.5349               20.8139            0.0001   1 0.0312   31
  34  21  0  0 0.2000         10.0000                -194.6296               20.1634            0.0001   1 0.0312   32
  35  22  0  0 0.2000         10.0000                -194.7209               19.5333            0.0001   1 0.0312   33
  36  23  0  0 0.2000         10.0000                -194.8091               18.9229            0.0001   1 0.0312   34
  37  24  0  0 0.2000         10.0000                -194.8942               18.3316            0.0001   1 0.0312   35
  38  25  0  0 0.2000         10.0000                -194.9765               17.7587            0.0001   1 0.0312   36
  39  26  0  0 0.2000         10.0000                -195.0559               17.2037            0.0001   1 0.0312   37
  40  27  0  0 0.2000         10.0000                -195.1327               16.6661            0.0001   1 0.0312   38
  41  28  0  0 0.2000         10.0000                -195.2811               16.1453            0.0001   1 0.0625   39
  42  29  0  0 0.2000         10.0000                -195.3503               15.1362            0.0001   1 0.0312   40
  43  30  0  0 0.2000         10.0000                -195.4843               14.6632            0.0001   1 0.0625   41
  44  31  0  0 0.2000         10.0000                -195.5469               13.7468            0.0001   1 0.0312   42
  45  32  0  0 0.2000         10.0000                -195.6681               13.3172            0.0001   1 0.0625   43
  46  33  0  0 0.2000         10.0000                -195.7815               12.4849            0.0001   1 0.0625   44
  47  34  0  0 0.2000         10.0000                -195.8878               11.7046            0.0001   1 0.0625   45
  48  35  0  0 0.2000         10.0000                -195.9876               10.9730            0.0001   1 0.0625   46
  49  36  0  0 0.2000         10.0000                -196.0812               10.2872            0.0001   1 0.0625   47
  50  37  0  0 0.2000         10.0000                -196.2570                9.6443            0.0001   1 0.1250   48
  51  38  0  0 0.2000         10.0000                -196.4124                8.4387            0.0001   1 0.1250   49
  52  39  0  0 0.2000         10.0000                -196.5504                7.3839            0.0001   1 0.1250   50
  53  40  0  0 0.2000         10.0000                -196.6737                6.4609            0.0001   1 0.1250   51
  54  41  0  0 0.2000         10.0000                -196.8941                5.6533            0.0001   1 0.2500   52
  55  42  0  0 0.2000         10.0000                -197.0737                4.2400            0.0001   1 0.2500   53
  56  43  0  0 0.2000         10.0000                -197.2245                3.1800            0.0001   1 0.2500   54
  57  44  0  0 0.2000         10.0000                -197.4794                2.3850            0.0001   1 0.5000   55
  58  45  0  0 0.2000         10.0000                -197.6814                1.1925            0.0001   1 0.5000   56
  59   1  0  0 0.0400        100.0000                 360.1384              235.6350            0.0001   0 0.0078   57
  60   2  0  0 0.0400        100.0000                 359.0212              233.7941            0.0001   0 0.0039   58
  61   3  0  0 0.0400        100.0000                 358.4664              232.8809            0.0001   0 0.0020   59
  62   4  0  0 0.0400        100.0000                 357.9134              232.4260            0.0001   0 0.0020   60
  63   5  0  0 0.0400        100.0000                 357.3622              231.9720            0.0001   0 0.0020   61
  64   5  0  1 0.0400        100.0000                 357.3622              231.5190            0.0001   0 0.0010   61
  65   6  0  0 0.0400        100.0000                 356.9995              231.5190            0.0001   1 0.0039   62
  66   7  0  0 0.0400        100.0000                 356.6400              230.6146            0.0001   1 0.0039   63
  67   8  0  0 0.0400        100.0000                 356.2836              229.7138            0.0001   1 0.0039   64
  68   9  0  0 0.0400        100.0000                 355.9303              228.8164            0.0001   1 0.0039   65
  69  10  0  0 0.0400        100.0000                 355.5801              227.9226            0.0001   1 0.0039   66
  70  11  0  0 0.0400        100.0000                 355.2328              227.0323            0.0001   1 0.0039   67
  71  12  0  0 0.0400        100.0000                 354.8885              226.1455            0.0001   1 0.0039   68
  72  13  0  0 0.0400        100.0000                 354.7180              225.2621            0.0001   1 0.0020   69
  73  14  0  0 0.0400        100.0000                 354.3780              224.8221            0.0001   1 0.0039   70
  74  15  0  0 0.0400        100.0000                 354.0410              223.9439            0.0001   1 0.0039   71
  75  16  0  0 0.0400        100.0000                 353.7068              223.0691            0.0001   1 0.0039   72
  76  17  0  0 0.0400        100.0000                 353.3753              222.1978            0.0001   1 0.0039   73
  77  18  0  0 0.0400        100.0000                 353.0466              221.3298            0.0001   1 0.0039   74
  78  19  0  0 0.0400        100.0000                 352.8837              220.4652            0.0001   1 0.0020   75
  79  20  0  0 0.0400        100.0000                 352.5590              220.0346            0.0001   1 0.0039   76
  80  21  0  0 0.0400        100.0000                 352.2370              219.1751            0.0001   1 0.0039   77
  81  22  0  0 0.0400        100.0000                 351.9176              218.3190            0.0001   1 0.0039   78
  82  23  0  0 0.0400        100.0000                 351.6008              217.4662            0.0001   1 0.0039   79
  83  24  0  0 0.0400        100.0000                 351.2865              216.6167            0.0001   1 0.0039   80
  84  25  0  0 0.0400        100.0000                 350.9747              215.7705            0.0001   1 0.0039   81
  85  26  0  0 0.0400        100.0000                 350.6654              214.9277            0.0001   1 0.0039   82
  86  27  0  0 0.0400        100.0000                 350.3585              214.0881            0.0001   1 0.0039   83
  87  28  0  0 0.0400        100.0000                 350.0540              213.2518            0.0001   1 0.0039   84
  88  29  0  0 0.0400        100.0000                 349.7519              212.4188            0.0001   1 0.0039   85
  89  30  0  0 0.0400        100.0000                 349.4521              211.5891            0.0001   1 0.0039   86
  90  31  0  0 0.0400        100.0000                 349.1545              210.7625            0.0001   1 0.0039   87
  91  32  0  0 0.0400        100.0000                 348.8593              209.9392            0.0001   1 0.0039   88
  92  33  0  0 0.0400        100.0000                 348.5663              209.1192            0.0001   1 0.0039   89
  93  34  0  0 0.0400        100.0000                 348.2754              208.3023            0.0001   1 0.0039   90
  94  35  0  0 0.0400        100.0000                 347.9868              207.4886            0.0001   1 0.0039   91
  95  36  0  0 0.0400        100.0000                 347.7002              206.6781            0.0001   1 0.0039   92
  96  37  0  0 0.0400        100.0000                 347.4158              205.8708            0.0001   1 0.0039   93
  97  38  0  0 0.0400        100.0000                 347.1334              205.0666            0.0001   1 0.0039   94
  98  39  0  0 0.0400        100.0000                 346.8531              204.2656            0.0001   1 0.0039   95
  99  40  0  0 0.0400        100.0000                 346.5748              203.4676            0.0001   1 0.0039   96
 100  41  0  0 0.0400        100.0000                 346.0218              202.6728            0.0001   1 0.0078   97
 101  42  0  0 0.0400        100.0000                 345.7493              201.0895            0.0001   1 0.0039   98
 102  43  0  0 0.0400        100.0000                 345.4788              200.3040            0.0001   1 0.0039   99
 103  44  0  0 0.0400        100.0000                 345.2102              199.5215            0.0001   1 0.0039  100
 104  45  0  0 0.0400        100.0000                 344.9434              198.7421            0.0001   1 0.0039  101
 105  46  0  0 0.0400        100.0000                 344.6784              197.9658            0.0001   1 0.0039  102
 106  47  0  0 0.0400        100.0000                 344.4152              197.1925            0.0001   1 0.0039  103
 107  48  0  0 0.0400        100.0000                 344.1538              196.4222            0.0001   1 0.0039  104
 108  49  0  0 0.0400        100.0000                 343.6341              195.6549            0.0001   1 0.0078  105
 109  50  0  0 0.0400        100.0000                 343.3779              194.1264            0.0001   1 0.0039  106
 110  51  0  0 0.0400        100.0000                 343.1233              193.3681            0.0001   1 0.0039  107
 111  52  0  0 0.0400        100.0000                 342.8704              192.6127            0.0001   1 0.0039  108
 112  53  0  0 0.0400        100.0000                 342.6192              191.8603            0.0001   1 0.0039  109
 113  54  0  0 0.0400        100.0000                 342.1195              191.1109            0.0001   1 0.0078  110
 114  55  0  0 0.0400        100.0000                 341.8729              189.6178            0.0001   1 0.0039  111
 115  56  0  0 0.0400        100.0000                 341.6279              188.8771            0.0001   1 0.0039  112
 116  57  0  0 0.0400        100.0000                 341.3845              188.1393            0.0001   1 0.0039  113
 117  58  0  0 0.0400        100.0000                 341.1425              187.4044            0.0001   1 0.0039  114
 118  59  0  0 0.0400        100.0000                 340.6612              186.6724            0.0001   1 0.0078  115
 119  60  0  0 0.0400        100.0000                 340.4236              185.2140            0.0001   1 0.0039  116
 120  61  0  0 0.0400        100.0000                 340.1874              184.4905            0.0001   1 0.0039  117
 121  62  0  0 0.0400        100.0000                 339.7176              183.7698            0.0001   1 0.0078  118
 122  63  0  0 0.0400        100.0000                 339.4856              182.3341            0.0001   1 0.0039  119
 123  64  0  0 0.0400        100.0000                 339.2549              181.6219            0.0001   1 0.0039  120
 124  65  0  0 0.0400        100.0000                 339.0255              180.9124            0.0001   1 0.0039  121
 125  66  0  0 0.0400        100.0000                 338.5692              180.2057            0.0001   1 0.0078  122
 126  67  0  0 0.0400        100.0000                 338.3437              178.7979            0.0001   1 0.0039  123
 127  68  0  0 0.0400        100.0000                 338.1195              178.0995            0.0001   1 0.0039  124
 128  69  0  0 0.0400        100.0000                 337.6734              177.4038            0.0001   1 0.0078  125
 129  70  0  0 0.0400        100.0000                 337.4528              176.0178            0.0001   1 0.0039  126
 130  71  0  0 0.0400        100.0000                 337.0140              175.3302            0.0001   1 0.0078  127
 131  72  0  0 0.0400        100.0000                 336.7970              173.9605            0.0001   1 0.0039  128
 132  73  0  0 0.0400        100.0000                 336.5812              173.2809            0.0001   1 0.0039  129
 133  74  0  0 0.0400        100.0000                 336.1517              172.6040            0.0001   1 0.0078  130
 134  75  0  0 0.0400        100.0000                 335.9393              171.2556            0.0001   1 0.0039  131
 135  76  0  0 0.0400        100.0000                 335.5165              170.5866            0.0001   1 0.0078  132
 136  77  0  0 0.0400        100.0000                 335.3073              169.2539            0.0001   1 0.0039  133
 137  78  0  0 0.0400        100.0000                 334.8910              168.5928            0.0001   1 0.0078  134
 138  79  0  0 0.0400        100.0000                 334.6850              167.2756            0.0001   1 0.0039  135
 139  80  0  0 0.0400        100.0000                 334.2749              166.6222            0.0001   1 0.0078  136
 140  81  0  0 0.0400        100.0000                 333.8688              165.3205            0.0001   1 0.0078  137
 141  82  0  0 0.0400        100.0000                 333.6678              164.0289            0.0001   1 0.0039  138
 142  83  0  0 0.0400        100.0000                 333.2677              163.3882            0.0001   1 0.0078  139
 143  84  0  0 0.0400        100.0000                 332.8714              162.1117            0.0001   1 0.0078  140
 144  85  0  0 0.0400        100.0000                 332.6751              160.8452            0.0001   1 0.0039  141
 145  86  0  0 0.0400        100.0000                 332.2844              160.2169            0.0001   1 0.0078  142
 146  87  0  0 0.0400        100.0000                 331.8973              158.9652            0.0001   1 0.0078  143
 147  88  0  0 0.0400        100.0000                 331.5137              157.7233            0.0001   1 0.0078  144
 148  89  0  0 0.0400        100.0000                 331.3237              156.4911            0.0001   1 0.0039  145
 149  90  0  0 0.0400        100.0000                 330.9453              155.8798            0.0001   1 0.0078  146
 150  91  0  0 0.0400        100.0000                 330.5703              154.6620            0.0001   1 0.0078  147
 151  92  0  0 0.0400        100.0000                 330.1986              153.4537            0.0001   1 0.0078  148
 152  93  0  0 0.0400        100.0000                 329.8302              152.2548            0.0001   1 0.0078  149
 153  94  0  0 0.0400        100.0000                 329.4649              151.0653            0.0001   1 0.0078  150
 154  95  0  0 0.0400        100.0000                 329.1027              149.8851            0.0001   1 0.0078  151
 155  96  0  0 0.0400        100.0000                 328.7436              148.7141            0.0001   1 0.0078  152
 156  97  0  0 0.0400        100.0000                 328.3875              147.5523            0.0001   1 0.0078  153
 157  98  0  0 0.0400        100.0000                 328.0344              146.3996            0.0001   1 0.0078  154
 158  99  0  0 0.0400        100.0000                 327.6841              145.2558            0.0001   1 0.0078  155
 159 100  0  0 0.0400        100.0000                 327.3367              144.1210            0.0001   1 0.0078  156
 160   0  0  1 0.0080       1000.0000                3580.0838             2235.4402            0.0001   0 0.0010  156
 161   0  0  1 0.0080       1000.0000                3580.0838             2235.4402            0.0001   1 0.0010  156
 162   1  0  0 0.0080       1000.0000                3577.3833             2235.4402            0.0001   2 0.0039  157
 163   2  0  0 0.0080       1000.0000                3574.7524             2226.7080            0.0001   2 0.0039  158
 164   3  0  0 0.0080       1000.0000                3572.1856             2218.0099            0.0001   2 0.0039  159
 165   4  0  0 0.0080       1000.0000                3569.6775             2209.3458            0.0001   2 0.0039  160
 166   5  0  0 0.0080       1000.0000                3567.2234             2200.7156            0.0001   2 0.0039  161
 167   6  0  0 0.0080       1000.0000                3564.8190             2192.1190            0.0001   2 0.0039  162
 168   7  0  0 0.0080       1000.0000                3562.4602             2183.5561            0.0001   2 0.0039  163
 169   8  0  0 0.0080       1000.0000                3560.1435             2175.0265            0.0001   2 0.0039  164
 170   9  0  0 0.0080       1000.0000                3557.8656             2166.5303            0.0001   2 0.0039  165
 171  10  0  0 0.0080       1000.0000                3555.6237             2158.0673            0.0001   2 0.0039  166
 172  11  0  0 0.0080       1000.0000                3553.4149             2149.6374            0.0001   2 0.0039  167
 173  12  0  0 0.0080       1000.0000                3551.2369             2141.2404            0.0001   2 0.0039  168
 174  13  0  0 0.0080       1000.0000                3549.0875             2132.8761            0.0001   2 0.0039  169
 175  14  0  0 0.0080       1000.0000                3544.8390             2124.5446            0.0001   2 0.0078  170
 176  15  0  0 0.0080       1000.0000                3542.7651             2107.9466            0.0001   2 0.0039  171
 177  16  0  0 0.0080       1000.0000                3540.7129             2099.7124            0.0001   2 0.0039  172
 178  17  0  0 0.0080       1000.0000                3538.6810             2091.5104            0.0001   2 0.0039  173
 179  18  0  0 0.0080       1000.0000                3534.6536             2083.3405            0.0001   2 0.0078  174
 180  19  0  0 0.0080       1000.0000                3532.6767             2067.0644            0.0001   2 0.0039  175
 181  20  0  0 0.0080       1000.0000                3530.7161             2058.9899            0.0001   2 0.0039  176
 182  21  0  0 0.0080       1000.0000                3528.7709             2050.9470            0.0001   2 0.0039  177
 183  22  0  0 0.0080       1000.0000                3524.9081             2042.9355            0.0001   2 0.0078  178
 184  23  0  0 0.0080       1000.0000                3523.0053             2026.9750            0.0001   2 0.0039  179
 185  24  0  0 0.0080       1000.0000                3521.1154             2019.0571            0.0001   2 0.0039  180
 186  25  0  0 0.0080       1000.0000                3517.3587             2011.1702            0.0001   2 0.0078  181
 187  26  0  0 0.0080       1000.0000                3515.5047             1995.4579            0.0001   2 0.0039  182
 188  27  0  0 0.0080       1000.0000                3513.6616             1987.6632            0.0001   2 0.0039  183
 189  28  0  0 0.0080       1000.0000                3509.9957             1979.8989            0.0001   2 0.0078  184
 190  29  0  0 0.0080       1000.0000                3508.1839             1964.4309            0.0001   2 0.0039  185
 191  30  0  0 0.0080       1000.0000                3504.5786             1956.7574            0.0001   2 0.0078  186
 192  31  0  0 0.0080       1000.0000                3502.7954             1941.4702            0.0001   2 0.0039  187
 193  32  0  0 0.0080       1000.0000                3499.2459             1933.8863            0.0001   2 0.0078  188
 194  33  0  0 0.0080       1000.0000                3497.4892             1918.7778            0.0001   2 0.0039  189
 195  34  0  0 0.0080       1000.0000                3493.9916             1911.2826            0.0001   2 0.0078  190
 196  35  0  0 0.0080       1000.0000                3492.2596             1896.3507            0.0001   2 0.0039  191
 197  36  0  0 0.0080       1000.0000                3488.8106             1888.9431            0.0001   2 0.0078  192
 198  37  0  0 0.0080       1000.0000                3485.3924             1874.1857            0.0001   2 0.0078  193
 199  38  0  0 0.0080       1000.0000                3483.6986             1859.5436            0.0001   2 0.0039  194
 200  39  0  0 0.0080       1000.0000                3480.3247             1852.2798            0.0001   2 0.0078  195
 201  40  0  0 0.0080       1000.0000                3476.9790             1837.8089            0.0001   2 0.0078  196
 202  41  0  0 0.0080       1000.0000                3473.6608             1823.4510            0.0001   2 0.0078  197
 203  42  0  0 0.0080       1000.0000                3470.3692             1809.2053            0.0001   2 0.0078  198
 204  43  0  0 0.0080       1000.0000                3468.7367             1795.0709            0.0001   2 0.0039  199
 205  44  0  0 0.0080       1000.0000                3465.4835             1788.0589            0.0001   2 0.0078  200
 206  45  0  0 0.0080       1000.0000                3462.2551             1774.0897            0.0001   2 0.0078  201
 207  46  0  0 0.0080       1000.0000                3459.0507             1760.2296            0.0001   2 0.0078  202
 208  47  0  0 0.0080       1000.0000                3455.8697             1746.4778            0.0001   2 0.0078  203
 209  48  0  0 0.0080       1000.0000                3452.7113             1732.8334            0.0001   2 0.0078  204
 210  49  0  0 0.0080       1000.0000                3449.5749             1719.2957            0.0001   2 0.0078  205
 211  50  0  0 0.0080       1000.0000                3446.4598             1705.8637            0.0001   2 0.0078  206
 212  51  0  0 0.0080       1000.0000                3443.3652             1692.5366            0.0001   2 0.0078  207
 213  52  0  0 0.0080       1000.0000                3440.2905             1679.3137            0.0001   2 0.0078  208
 214  53  0  0 0.0080       1000.0000                3437.2347             1666.1940            0.0001   2 0.0078  209
 215  54  0  0 0.0080       1000.0000                3434.1969             1653.1769            0.0001   2 0.0078  210
 216  55  0  0 0.0080       1000.0000                3431.1761             1640.2614            0.0001   2 0.0078  211
 217  56  0  0 0.0080       1000.0000                3428.1711             1627.4469            0.0001   2 0.0078  212
 218  57  0  0 0.0080       1000.0000                3425.1805             1614.7325            0.0001   2 0.0078  213
 219  58  0  0 0.0080       1000.0000                3422.2025             1602.1174            0.0001   2 0.0078  214
 220  59  0  0 0.0080       1000.0000                3419.2349             1589.6008            0.0001   2 0.0078  215
 221  60  0  0 0.0080       1000.0000                3413.3132             1577.1821            0.0001   2 0.0156  216
 222  61  0  0 0.0080       1000.0000                3410.3574             1552.5386            0.0001   2 0.0078  217
 223  62  0  0 0.0080       1000.0000                3407.3931             1540.4094            0.0001   2 0.0078  218
 224  63  0  0 0.0080       1000.0000                3404.4090             1528.3749            0.0001   2 0.0078  219
 225  64  0  0 0.0080       1000.0000                3401.3875             1516.4345            0.0001   2 0.0078  220
 226  65  0  0 0.0080       1000.0000                3398.2984             1504.5874            0.0001   2 0.0078  221
 227  66  0  0 0.0080       1000.0000                3391.8741             1492.8328            0.0001   2 0.0156  222
 228  67  0  0 0.0080       1000.0000                3388.0151             1469.5073            0.0001   2 0.0078  223
 229  68  0  0 0.0080       1000.0000                3383.0377             1458.0267            0.0001   2 0.0078  224
 230  69  0  0 0.0080       1000.0000                3375.1487             1446.6359            0.0001   2 0.0078  225
 231  70  0  0 0.0080       1000.0000                3362.9336             1435.3341            0.0001   2 0.0078  226
 232  71  0  0 0.0080       1000.0000                3349.9927             1424.1205            0.0001   2 0.0078  227
 233  72  0  0 0.0080       1000.0000                3324.2924             1412.9946            0.0001   2 0.0156  228
 234  73  0  0 0.0080       1000.0000                3299.0514             1390.9165            0.0001   2 0.0156  229
 235  74  0  0 0.0080       1000.0000                3274.2920             1369.1835            0.0001   2 0.0156  230
 236  75  0  0 0.0080       1000.0000                3262.1130             1347.7900            0.0001   2 0.0078  231
 237  76  0  0 0.0080       1000.0000                3237.9846             1337.2604            0.0001   2 0.0156  232
 238  77  0  0 0.0080       1000.0000                3214.1189             1316.3657            0.0001   2 0.0156  233
 239  78  0  0 0.0080       1000.0000                3202.0781             1295.7975            0.0001   2 0.0078  234
 240  79  0  0 0.0080       1000.0000                3177.3342             1285.6740            0.0001   2 0.0156  235
 241  80  0  0 0.0080       1000.0000                3169.2123             1265.5854            0.0001   2 0.0039  236
 242  81  0  0 0.0080       1000.0000                3159.9152             1260.6417            0.0001   2 0.0039  237
 243  82  0  0 0.0080       1000.0000                3140.1332             1255.7173            0.0001   2 0.0078  238
 244  83  0  0 0.0080       1000.0000                3099.6281             1245.9070            0.0001   2 0.0156  239
 245  84  0  0 0.0080       1000.0000                3059.7948             1226.4397            0.0001   2 0.0156  240
 246  85  0  0 0.0080       1000.0000                3020.8372             1207.2766            0.0001   2 0.0156  241
 247  86  0  0 0.0080       1000.0000                2982.7433             1188.4129            0.0001   2 0.0156  242
 248  87  0  0 0.0080       1000.0000                2945.4966             1169.8440            0.0001   2 0.0156  243
 249  88  0  0 0.0080       1000.0000                2909.0788             1151.5651            0.0001   2 0.0156  244
 250  89  0  0 0.0080       1000.0000                2873.4713             1133.5719            0.0001   2 0.0156  245
 251  90  0  0 0.0080       1000.0000                2804.0803             1115.8599            0.0001   2 0.0312  246
 252  91  0  0 0.0080       1000.0000                2770.8019             1080.9893            0.0001   2 0.0156  247
 253  92  0  0 0.0080       1000.0000                2738.2585             1064.0988            0.0001   2 0.0156  248
 254  93  0  0 0.0080       1000.0000                2706.4319             1047.4723            0.0001   2 0.0156  249
 255  94  0  0 0.0080       1000.0000                2675.3045             1031.1055            0.0001   2 0.0156  250
 256  95  0  0 0.0080       1000.0000                2614.6108             1014.9945            0.0001   2 0.0312  251
 257  96  0  0 0.0080       1000.0000                2585.4887              983.2759            0.0001   2 0.0156  252
 258  97  0  0 0.0080       1000.0000                2556.9987              967.9122            0.0001   2 0.0156  253
 259  98  0  0 0.0080       1000.0000                2501.4236              952.7886            0.0001   2 0.0312  254
 260  99  0  0 0.0080       1000.0000                2474.7462              923.0139            0.0001   2 0.0156  255
 261 100  0  0 0.0080       1000.0000                2422.6899              908.5918            0.0001   2 0.0312  256
 262   0  0  1 0.0016      10000.0000               20233.5439            18586.8816            0.0001   0 0.0010  256
 263   0  0  1 0.0016      10000.0000               20233.5439            18586.8816            0.0001   1 0.0010  256
 264   0  0  1 0.0016      10000.0000               20233.5439            18586.8816            0.0001   2 0.0010  256
 265   1  0  0 0.0016      10000.0000               20098.1187            18586.8816            0.0001   3 0.0078  257
 266   2  0  0 0.0016      10000.0000               19964.5379            18441.6716            0.0001   3 0.0078  258
 267   3  0  0 0.0016      10000.0000               19701.6094            18297.5961            0.0001   3 0.0156  259
 268   4  0  0 0.0016      10000.0000               19573.3415            18011.6961            0.0001   3 0.0078  260
 269   5  0  0 0.0016      10000.0000               19446.7734            17870.9798            0.0001   3 0.0078  261
 270   6  0  0 0.0016      10000.0000               19197.5558            17731.3627            0.0001   3 0.0156  262
 271   7  0  0 0.0016      10000.0000               19075.9371            17454.3102            0.0001   3 0.0078  263
 272   8  0  0 0.0016      10000.0000               18836.4282            17317.9484            0.0001   3 0.0156  264
 273   9  0  0 0.0016      10000.0000               18719.5294            17047.3554            0.0001   3 0.0078  265
 274  10  0  0 0.0016      10000.0000               18489.2857            16914.1730            0.0001   3 0.0156  266
 275  11  0  0 0.0016      10000.0000               18376.8943            16649.8890            0.0001   3 0.0078  267
 276  12  0  0 0.0016      10000.0000               18155.5015            16519.8118            0.0001   3 0.0156  268
 277  13  0  0 0.0016      10000.0000               17939.7987            16261.6897            0.0001   3 0.0156  269
 278  14  0  0 0.0016      10000.0000               17834.4840            16007.6008            0.0001   3 0.0078  270
 279  15  0  0 0.0016      10000.0000               17626.9910            15882.5414            0.0001   3 0.0156  271
 280  16  0  0 0.0016      10000.0000               17424.7782            15634.3767            0.0001   3 0.0156  272
 281  17  0  0 0.0016      10000.0000               17227.6910            15390.0896            0.0001   3 0.0156  273
 282  18  0  0 0.0016      10000.0000               17035.5798            15149.6194            0.0001   3 0.0156  274
 283  19  0  0 0.0016      10000.0000               16848.2998            14912.9066            0.0001   3 0.0156  275
 284  20  0  0 0.0016      10000.0000               16665.7109            14679.8925            0.0001   3 0.0156  276
 285  21  0  0 0.0016      10000.0000               16487.6773            14450.5191            0.0001   3 0.0156  277
 286  22  0  0 0.0016      10000.0000               16314.0676            14224.7298            0.0001   3 0.0156  278
 287  23  0  0 0.0016      10000.0000               16144.7548            14002.4684            0.0001   3 0.0156  279
 288  24  0  0 0.0016      10000.0000               15979.6156            13783.6798            0.0001   3 0.0156  280
 289  25  0  0 0.0016      10000.0000               15818.5308            13568.3098            0.0001   3 0.0156  281
 290  26  0  0 0.0016      10000.0000               15661.3851            13356.3050            0.0001   3 0.0156  282
 291  27  0  0 0.0016      10000.0000               15508.0668            13147.6127            0.0001   3 0.0156  283
 292  28  0  0 0.0016      10000.0000               15209.9417            12942.1813            0.0001   3 0.0312  284
 293  29  0  0 0.0016      10000.0000               15067.5330            12537.7381            0.0001   3 0.0156  285
 294  30  0  0 0.0016      10000.0000               14928.5399            12341.8359            0.0001   3 0.0156  286
 295  31  0  0 0.0016      10000.0000               14792.8695            12148.9948            0.0001   3 0.0156  287
 296  32  0  0 0.0016      10000.0000               14528.8806            11959.1667            0.0001   3 0.0312  288
 297  33  0  0 0.0016      10000.0000               14402.7118            11585.4427            0.0001   3 0.0156  289
 298  34  0  0 0.0016      10000.0000               14157.1365            11404.4202            0.0001   3 0.0312  290
 299  35  0  0 0.0016      10000.0000               14039.7223            11048.0321            0.0001   3 0.0156  291
 300  36  0  0 0.0016      10000.0000               13811.0105            10875.4066            0.0001   3 0.0312  292
 301  37  0  0 0.0016      10000.0000               13592.6356            10535.5501            0.0001   3 0.0312  293
 302  38  0  0 0.0016      10000.0000               13488.0561            10206.3142            0.0001   3 0.0156  294
 303  39  0  0 0.0016      10000.0000               13284.1837            10046.8405            0.0001   3 0.0312  295
 304  40  0  0 0.0016      10000.0000               13089.4027             9732.8768            0.0001   3 0.0312  296
 305  41  0  0 0.0016      10000.0000               12903.2343             9428.7244            0.0001   3 0.0312  297
 306  42  0  0 0.0016      10000.0000               12725.2235             9134.0767            0.0001   3 0.0312  298
 307  43  0  0 0.0016      10000.0000               12554.9410             8848.6368            0.0001   3 0.0312  299
 308  44  0  0 0.0016      10000.0000               12391.9825             8572.1169            0.0001   3 0.0312  300
 309  45  0  0 0.0016      10000.0000               12235.9671             8304.2383            0.0001   3 0.0312  301
 310  46  0  0 0.0016      10000.0000               12086.5358             8044.7308            0.0001   3 0.0312  302
 311  47  0  0 0.0016      10000.0000               11943.3508             7793.3330            0.0001   3 0.0312  303
 312  48  0  0 0.0016      10000.0000               11806.0933             7549.7913            0.0001   3 0.0312  304
 313  49  0  0 0.0016      10000.0000               11674.4631             7313.8603            0.0001   3 0.0312  305
 314  50  0  0 0.0016      10000.0000               11548.1767             7085.3022            0.0001   3 0.0312  306
 315  51  0  0 0.0016      10000.0000               11517.7932             6863.8865            0.0001   3 0.0078  307
 316  52  0  0 0.0016      10000.0000               11487.7136             6810.2624            0.0001   3 0.0078  308
 317  53  0  0 0.0016      10000.0000               11472.8169             6757.0572            0.0001   3 0.0039  309
 318  54  0  0 0.0016      10000.0000               11457.9932             6730.6625            0.0001   3 0.0039  310
 319  54  1  0 0.0016      10000.0000               11457.9932             6704.3708            0.0001   3 0.0039  310
 320  55  0  0 0.0016      10000.0000               11438.2396             6704.3708            0.0001   4 0.0078  311
 321  56  0  0 0.0016      10000.0000               11418.7355             6651.9929            0.0001   4 0.0078  312
 322  57  0  0 0.0016      10000.0000               11399.4776             6600.0242            0.0001   4 0.0078  313
 323  58  0  0 0.0016      10000.0000               11380.4630             6548.4615            0.0001   4 0.0078  314
 324  59  0  0 0.0016      10000.0000               11342.9638             6497.3017            0.0001   4 0.0156  315
 325  60  0  0 0.0016      10000.0000               11324.6641             6395.7813            0.0001   4 0.0078  316
 326  61  0  0 0.0016      10000.0000               11306.5944             6345.8143            0.0001   4 0.0078  317
 327  62  0  0 0.0016      10000.0000               11297.6679             6296.2376            0.0001   4 0.0039  318
 328  63  0  0 0.0016      10000.0000               11293.2311             6271.6430            0.0001   4 0.0020  319
 329  63  1  0 0.0016      10000.0000               11293.2311             6259.3936            0.0001   4 0.0020  319
 330  64  0  0 0.0016      10000.0000               11285.0196             6259.3936            0.0001   5 0.0039  320
 331  64  0 13 0.0016      10000.0000               11285.0196             6234.9429            0.0001   5 0.0010  320
 332  65  0  0 0.0016      10000.0000               11277.7979             6234.9429            0.0001   6 0.0039  321
 333  66  0  0 0.0016      10000.0000               11270.6214             6210.5876            0.0001   6 0.0039  322
 334  67  0  0 0.0016      10000.0000               11263.4899             6186.3275            0.0001   6 0.0039  323
 335  68  0  0 0.0016      10000.0000               11259.9456             6162.1622            0.0001   6 0.0020  324
 336  69  0  0 0.0016      10000.0000               11256.4124             6150.1267            0.0001   6 0.0020  325
 337  70  0  0 0.0016      10000.0000               11252.8904             6138.1148            0.0001   6 0.0020  326
 338  71  0  0 0.0016      10000.0000               11249.3795             6126.1263            0.0001   6 0.0020  327
 339  71  0 13 0.0016      10000.0000               11249.3795             9902.9577            0.0001   6 0.0010  327
 340  72  0  0 0.0016      10000.0000               11235.0195            12114.4838            0.0001   7 0.0156  328
 341  73  0  0 0.0016      10000.0000               11227.9848            11956.5020            0.0001   7 0.0078  329
 342  74  0  0 0.0016      10000.0000               11224.4989            11853.1592            0.0001   7 0.0039  330
 343  74  0 13 0.0016      10000.0000               11224.4989            11801.0588            0.0001   7 0.0010  330
 344  75  0  0 0.0016      10000.0000               11218.3812            16655.2424            0.0001   8 0.0312  331
 345  76  0  0 0.0016      10000.0000               11215.4235            16102.8386            0.0001   8 0.0156  332
 346  77  0  0 0.0016      10000.0000               11213.9692            22600.9365            0.0001   8 0.0078  333
 347  78  0  0 0.0016      10000.0000               11212.5270            26048.7463            0.0001   8 0.0078  334
 348  79  0  0 0.0016      10000.0000               11211.0970            32090.7010            0.0001   8 0.0078  335
 349  80  0  0 0.0016      10000.0000               11209.6789            44275.4299            0.0001   8 0.0078  336
 350  81  0  0 0.0016      10000.0000               11208.2728            77620.0807            0.0001   8 0.0078  337
 351  82  0  0 0.0016      10000.0000               11207.5752           541755.7638            0.0001   8 0.0039  338
 352  82  1  0 0.0016      10000.0000               11207.5752          2308683.7109            0.0001   8 0.0039  338
 353  83  0  0 0.0016      10000.0000               11206.8105          2308684.3953            0.0001   9 0.0312  339
 354  84  0  0 0.0016      10000.0000               11203.7196            22088.2420            0.0001   9 0.1250  340
 355  85  0  0 0.0016      10000.0000               11201.0341            15284.3446            0.0001   9 0.1250  341
 356  86  0  0 0.0016      10000.0000               11200.4608            62405.2460            0.0001   9 0.0312  342
 357  87  0  0 0.0016      10000.0000               11199.9205            97079.9970            0.0001   9 0.0312  343
 358  87  0 13 0.0016      10000.0000               11199.9205          1209737.5863            0.0001   9 0.0010  343
 359  87  0 13 0.0016      10000.0000               11199.9205          1209737.8930            0.0001  10 0.0010  343
 360   0  1  0 0.0003     100000.0000               99195.8576           213481.0253            0.0001   0 1.0000  343
 361   0  1  0 0.0003     100000.0000               99195.8576           213469.1623            0.0001   1 1.0000  343
 362   0  1  0 0.0003     100000.0000               99195.8576           213376.0110            0.0001   2 1.0000  343
 363   0  1  0 0.0003     100000.0000               99195.8576           213008.4879            0.0001   3 1.0000  343
 364   0  1  0 0.0003     100000.0000               99195.8576           212834.2457            0.0001   4 1.0000  343
 365   0  1  0 0.0003     100000.0000               99195.8576           213395.9428            0.0001   5 1.0000  343
 366   0  0 13 0.0003     100000.0000               99195.8576           214875.7043            0.0001   6 0.0010  343
 367   0  0 13 0.0003     100000.0000               99195.8576           215490.2441            0.0001   7 0.0010  343
 368   0  0 13 0.0003     100000.0000               99195.8576           215577.8412            0.0001   8 0.0010  343
 369   0  0 13 0.0003     100000.0000               99195.8576           215594.3727            0.0001   9 0.0010  343
 370   0  0 13 0.0003     100000.0000               99195.8576           324953.4456            0.0001  10 0.0010  343
 371   0  1  0 0.0001    1000000.0000              979140.1121          1628260.5041            0.0001   0 1.0000  343
 372   0  1  0 0.0001    1000000.0000              979140.1121          1628260.5041            0.0001   1 1.0000  343
 373   0  1  0 0.0001    1000000.0000              979140.1121          1628260.5041            0.0001   2 1.0000  343
 374   0  1  0 0.0001    1000000.0000              979140.1121          1628260.5041            0.0001   3 1.0000  343
 375   0  1  0 0.0001    1000000.0000              979140.1121          1628260.5041            0.0001   4 1.0000  343
 376   0  0 13 0.0001    1000000.0000              979140.1121          1628260.5041            0.0001   5 0.0010  343
 377   0  0 13 0.0001    1000000.0000              979140.1121          1628260.5041            0.0001   6 0.0010  343
 378   0  0 13 0.0001    1000000.0000              979140.1121          1628260.5041            0.0001   7 0.0010  343
 379   0  0 13 0.0001    1000000.0000              979140.1121          1628260.5041            0.0001   8 0.0010  343
 380   0  0 13 0.0001    1000000.0000              979140.1121          1628260.5041            0.0001   9 0.0010  343
 381   1  0  0 0.0001    1000000.0000              979139.0982          1628260.5041            0.0001  10 0.0020  344
 382   1  0 13 0.0001    1000000.0000              979139.0982          1625080.3078            0.0001  10 0.0010  344
 383   0  1  0 0.0000    1000000.0000             1585996.1717          2402342.0805            0.0001   0 1.0000  344
 384   0  1  0 0.0000    1000000.0000             1585996.1717          2402342.0805            0.0001   1 1.0000  344
 385   0  1  0 0.0000    1000000.0000             1585996.1717          2402342.0805            0.0001   2 1.0000  344
 386   0  1  0 0.0000    1000000.0000             1585996.1717          2402342.0805            0.0001   3 1.0000  344
 387   0  1  0 0.0000    1000000.0000             1585996.1717          2402342.0805            0.0001   4 1.0000  344
 388   0  1  0 0.0000    1000000.0000             1585996.1717          2402342.0805            0.0001   5 1.0000  344
 389   0  0 13 0.0000    1000000.0000             1585996.1717          2402342.0805            0.0001   6 0.0010  344
 390   0  0 13 0.0000    1000000.0000             1585996.1717          2402342.0805            0.0001   7 0.0010  344
 391   0  0 13 0.0000    1000000.0000             1585996.1717          2402342.0805            0.0001   8 0.0010  344
 392   0  0 13 0.0000    1000000.0000             1585996.1717          2402342.0805            0.0001   9 0.0010  344
 393   0  0 13 0.0000    1000000.0000             1585996.1717          2402342.0805            0.0001  10 0.0010  344
 394   0  1  0 0.0000    1000000.0000             2192853.1891          3179603.8533            0.0001   0 1.0000  344
 395   0  1  0 0.0000    1000000.0000             2192853.1891          3179603.8533            0.0001   1 1.0000  344
 396   0  1  0 0.0000    1000000.0000             2192853.1891          3179603.8533            0.0001   2 1.0000  344
 397   0  1  0 0.0000    1000000.0000             2192853.1891          3179603.8533            0.0001   3 1.0000  344
 398   0  1  0 0.0000    1000000.0000             2192853.1891          3179603.8533            0.0001   4 1.0000  344
 399   0  1  0 0.0000    1000000.0000             2192853.1891          3179603.8533            0.0001   5 1.0000  344
 400   0  0 13 0.0000    1000000.0000             2192853.1891          3179603.8533            0.0001   6 0.0010  344
 401   0  0 13 0.0000    1000000.0000             2192853.1891          3179603.8533            0.0001   7 0.0010  344
 402   0  0 13 0.0000    1000000.0000             2192853.1891          3179603.8533            0.0001   8 0.0010  344
 403   0  0 13 0.0000    1000000.0000             2192853.1891          3179603.8533            0.0001   9 0.0010  344
 404   0  0 13 0.0000    1000000.0000             2192853.1891          3179603.8533            0.0001  10 0.0010  344
Outer Max/Min

In Total : 3.9468 Seconds
X_result = 
 4.0000  6.0000  8.0000 -2.0000 -2.5000  3.0000  0.0000  0.0000  0.0000  1.0000  0.0000  0.0000  0.0000
 3.8000  5.7500  8.3000 -2.0073 -2.5001  2.9761 -0.0002  0.0250  0.0000  1.0000  0.0000  0.0000  0.0000
 3.5993  5.5000  8.5976 -2.0149 -2.5017  2.9524 -0.0059  0.0513 -0.0000  1.0000 -0.0000  0.0013  0.0000
 3.3978  5.2498  8.8928 -2.0203 -2.5047  2.9290 -0.0161  0.0781 -0.0000  1.0000 -0.0003  0.0038  0.0000
 3.1958  4.9994  9.1857 -2.0207 -2.5081  2.9059 -0.0299  0.1046 -0.0000  1.0000 -0.0011  0.0077  0.0000
 2.9937  4.7485  9.4763 -2.0133 -2.5108  2.8831 -0.0465  0.1300 -0.0000  0.9999 -0.0026  0.0129  0.0000
 2.7924  4.4975  9.7646 -1.9953 -2.5112  2.8603 -0.0650  0.1537 -0.0000  0.9998 -0.0049  0.0194  0.0000
 2.5928  4.2464 10.0507 -1.9642 -2.5074  2.8375 -0.0846  0.1750 -0.0000  0.9996 -0.0082  0.0271  0.0000
 2.3964  3.9956 10.3344 -1.9176 -2.4975  2.8142 -0.1045  0.1934 -0.0000  0.9993 -0.0124  0.0359  0.0001
 2.2047  3.7459 10.6159 -1.8531 -2.4793  2.7901 -0.1239  0.2085 -0.0000  0.9988 -0.0176  0.0455  0.0002
 2.0193  3.4979 10.8949 -1.7691 -2.4508  2.7644 -0.1423  0.2197 -0.0000  0.9981 -0.0238  0.0559  0.0003
 1.8424  3.2529 11.1713 -1.6640 -2.4100  2.7365 -0.1589  0.2269 -0.0000  0.9973 -0.0309  0.0669  0.0004
 1.6760  3.0119 11.4450 -1.5368 -2.3549  2.7053 -0.1734  0.2299 -0.0000  0.9962 -0.0388  0.0782  0.0006
 1.5223  2.7764 11.7155 -1.3868 -2.2839  2.6701 -0.1852  0.2284 -0.0000  0.9948 -0.0475  0.0896  0.0008
 1.3837  2.5480 11.9825 -1.2138 -2.1956  2.6297 -0.1939  0.2226 -0.0000  0.9933 -0.0567  0.1010  0.0011
 1.2623  2.3284 12.2455 -1.0183 -2.0888  2.5832 -0.1993  0.2123 -0.0000  0.9915 -0.0663  0.1120  0.0014
 1.1605  2.1195 12.5038 -0.8009 -1.9626  2.5297 -0.2012  0.1979 -0.0000  0.9895 -0.0762  0.1225  0.0019
 1.0804  1.9233 12.7567 -0.5630 -1.8168  2.4685 -0.1994  0.1795 -0.0000  0.9875 -0.0862  0.1323  0.0023
 1.0241  1.7416 13.0036 -0.3060 -1.6511  2.3991 -0.1938  0.1574 -0.0000  0.9853 -0.0960  0.1411  0.0029
 0.9935  1.5765 13.2435 -0.0321 -1.4658  2.3212 -0.1846  0.1319 -0.0000  0.9832 -0.1056  0.1488  0.0035
 0.9902  1.4299 13.4756  0.2564 -1.2616  2.2350 -0.1719  0.1035 -0.0000  0.9812 -0.1147  0.1553  0.0042
 1.0159  1.3037 13.6991  0.5570 -1.0395  2.1408 -0.1558  0.0726 -0.0000  0.9793 -0.1231  0.1603  0.0049
 1.0716  1.1998 13.9132  0.8668 -0.8006  2.0393 -0.1365  0.0397 -0.0000  0.9778 -0.1308  0.1638  0.0057
 1.1583  1.1197 14.1171  1.1829 -0.5467  1.9317 -0.1144  0.0053 -0.0000  0.9765 -0.1375  0.1657  0.0066
 1.2766  1.0651 14.3103  1.5021 -0.2795  1.8193 -0.0898 -0.0300 -0.0000  0.9757 -0.1431  0.1659  0.0075
 1.4268  1.0371 14.4922  1.8213 -0.0011  1.7037 -0.0631 -0.0657 -0.0000  0.9753 -0.1474  0.1644  0.0084
 1.6089  1.0370 14.6626  2.1372  0.2862  1.5868 -0.0348 -0.1012 -0.0000  0.9753 -0.1505  0.1612  0.0094
 1.8226  1.0656 14.8213  2.4465  0.5800  1.4703 -0.0053 -0.1359 -0.0000  0.9759 -0.1521  0.1562  0.0105
 2.0673  1.1236 14.9683  2.7461  0.8775  1.3563  0.0248 -0.1694 -0.0000  0.9769 -0.1523  0.1496  0.0116
 2.3419  1.2114 15.1039  3.0329  1.1761  1.2467  0.0552 -0.2011 -0.0000  0.9783 -0.1510  0.1413  0.0127
 2.6452  1.3290 15.2286  3.3036  1.4727  1.1431  0.0852 -0.2305 -0.0000  0.9801 -0.1482  0.1315  0.0138
 2.9755  1.4762 15.3429  3.5554  1.7645  1.0470  0.1145 -0.2572 -0.0000  0.9822 -0.1438  0.1203  0.0149
 3.3311  1.6527 15.4476  3.7855  2.0485  0.9597  0.1424 -0.2809 -0.0000  0.9844 -0.1380  0.1077  0.0161
 3.7096  1.8575 15.5436  3.9914  2.3215  0.8819  0.1687 -0.3012  0.0000  0.9868 -0.1307  0.0940  0.0173
 4.1088  2.0897 15.6318  4.1705  2.5807  0.8141  0.1929 -0.3179 -0.0000  0.9892 -0.1221  0.0793  0.0184
 4.5258  2.3478 15.7132  4.3210  2.8232  0.7563  0.2146 -0.3307 -0.0000  0.9914 -0.1123  0.0637  0.0196
 4.9579  2.6301 15.7888  4.4411  3.0462  0.7081  0.2335 -0.3395 -0.0000  0.9935 -0.1013  0.0475  0.0208
 5.4020  2.9347 15.8596  4.5295  3.2473  0.6687  0.2495 -0.3443 -0.0000  0.9953 -0.0893  0.0309  0.0219
 5.8550  3.2594 15.9265  4.5853  3.4242  0.6368  0.2623 -0.3452 -0.0000  0.9967 -0.0765  0.0140  0.0231
 6.3135  3.6018 15.9902  4.6079  3.5751  0.6110  0.2718 -0.3422 -0.0000  0.9977 -0.0630 -0.0029  0.0242
 6.7743  3.9594 16.0513  4.5974  3.6983  0.5896  0.2780 -0.3354 -0.0000  0.9983 -0.0490 -0.0196  0.0253
 7.2341  4.3292 16.1102  4.5541  3.7928  0.5708  0.2810 -0.3251 -0.0000  0.9984 -0.0347 -0.0360  0.0264
 7.6895  4.7085 16.1673  4.4788  3.8578  0.5527  0.2807 -0.3115 -0.0000  0.9981 -0.0203 -0.0518  0.0275
 8.1373  5.0943 16.2226  4.3728  3.8930  0.5335  0.2773 -0.2950 -0.0000  0.9973 -0.0058 -0.0670  0.0285
 8.5746  5.4836 16.2759  4.2377  3.8984  0.5115  0.2710 -0.2757 -0.0000  0.9962  0.0084 -0.0813  0.0295
 8.9984  5.8734 16.3271  4.0752  3.8746  0.4852  0.2619 -0.2541 -0.0000  0.9948  0.0223 -0.0946  0.0305
 9.4059  6.2609 16.3756  3.8877  3.8222  0.4533  0.2503 -0.2305  0.0000  0.9931  0.0357 -0.1068  0.0315
 9.7947  6.6431 16.4209  3.6774  3.7425  0.4150  0.2363 -0.2052  0.0000  0.9913  0.0485 -0.1178  0.0324
10.1624  7.0173 16.4624  3.4468  3.6369  0.3696  0.2204 -0.1786  0.0000  0.9894  0.0605 -0.1276  0.0333
10.5071  7.3810 16.4994  3.1986  3.5071  0.3168  0.2027 -0.1511  0.0000  0.9875  0.0717 -0.1361  0.0341
10.8270  7.7317 16.5311  2.9354  3.3548  0.2567  0.1834 -0.1229  0.0000  0.9857  0.0820 -0.1432  0.0350
11.1205  8.0672 16.5567  2.6598  3.1821  0.1895  0.1630 -0.0945  0.0000  0.9840  0.0912 -0.1489  0.0358
11.3865  8.3854 16.5757  2.3746  2.9911  0.1160  0.1416 -0.0662  0.0000  0.9825  0.0994 -0.1533  0.0365
11.6239  8.6845 16.5873  2.0823  2.7840  0.0370  0.1195 -0.0381  0.0000  0.9813  0.1065 -0.1562  0.0373
11.8322  8.9629 16.5910  1.7856  2.5632 -0.0465  0.0970 -0.0108  0.0000  0.9803  0.1124 -0.1579  0.0380
12.0107  9.2192 16.5864  1.4868  2.3308 -0.1334  0.0743  0.0157  0.0000  0.9797  0.1172 -0.1582  0.0387
12.1594  9.4523 16.5730  1.1883  2.0893 -0.2223  0.0518  0.0410  0.0000  0.9793  0.1208 -0.1573  0.0394
12.2782  9.6612 16.5508  0.8923  1.8408 -0.3120  0.0296  0.0650  0.0000  0.9793  0.1233 -0.1552  0.0401
12.3675  9.8453 16.5196  0.6011  1.5878 -0.4011  0.0079  0.0874  0.0000  0.9797  0.1246 -0.1520  0.0407
12.4276 10.0041 16.4795  0.3166  1.3325 -0.4884 -0.0129  0.1080  0.0000  0.9803  0.1248 -0.1477  0.0413
12.4592 10.1373 16.4306  0.0406  1.0769 -0.5728 -0.0328  0.1267  0.0000  0.9811  0.1239 -0.1424  0.0419
12.4633 10.2450 16.3734 -0.2250  0.8234 -0.6532 -0.0515  0.1434  0.0000  0.9822  0.1220 -0.1362  0.0424
12.4408 10.3274 16.3080 -0.4788  0.5738 -0.7288 -0.0689  0.1580  0.0000  0.9835  0.1192 -0.1293  0.0430
12.3929 10.3848 16.2352 -0.7192  0.3301 -0.7988 -0.0847  0.1703  0.0000  0.9849  0.1155 -0.1217  0.0435
12.3210 10.4178 16.1553 -0.9451  0.0942 -0.8627 -0.0990  0.1804  0.0000  0.9864  0.1109 -0.1135  0.0439
12.2265 10.4272 16.0690 -1.1554 -0.1323 -0.9203 -0.1116  0.1882  0.0000  0.9879  0.1056 -0.1048  0.0444
12.1109 10.4140 15.9770 -1.3492 -0.3478 -0.9713 -0.1223  0.1937  0.0000  0.9894  0.0997 -0.0957  0.0448
11.9760 10.3792 15.8799 -1.5257 -0.5510 -1.0158 -0.1312  0.1969  0.0000  0.9909  0.0932 -0.0864  0.0451
11.8235 10.3241 15.7783 -1.6846 -0.7407 -1.0540 -0.1382  0.1980  0.0000  0.9923  0.0863 -0.0770  0.0455
11.6550 10.2500 15.6729 -1.8254 -0.9159 -1.0862 -0.1432  0.1970  0.0000  0.9935  0.0790 -0.0674  0.0458
11.4725 10.1584 15.5643 -1.9481 -1.0758 -1.1129 -0.1464  0.1941  0.0000  0.9947  0.0714 -0.0580  0.0461
11.2777 10.0509 15.4530 -2.0528 -1.2198 -1.1346 -0.1477  0.1892  0.0000  0.9957  0.0637 -0.0487  0.0464
11.0724  9.9289 15.3395 -2.1397 -1.3476 -1.1520 -0.1473  0.1826  0.0000  0.9966  0.0559 -0.0396  0.0466
10.8584  9.7941 15.2243 -2.2094 -1.4591 -1.1656 -0.1451  0.1745  0.0000  0.9973  0.0481 -0.0308  0.0468
10.6375  9.6482 15.1078 -2.2624 -1.5542 -1.1762 -0.1413  0.1649  0.0000  0.9978  0.0404 -0.0225  0.0470
10.4112  9.4928 14.9901 -2.2995 -1.6333 -1.1843 -0.1361  0.1542  0.0000  0.9982  0.0330 -0.0146  0.0472
10.1813  9.3294 14.8717 -2.3217 -1.6969 -1.1906 -0.1295  0.1426  0.0000  0.9985  0.0258 -0.0072  0.0473
 9.9491  9.1597 14.7526 -2.3299 -1.7454 -1.1956 -0.1219  0.1302  0.0000  0.9987  0.0190 -0.0004  0.0475
 9.7161  8.9852 14.6331 -2.3254 -1.7798 -1.1998 -0.1132  0.1172  0.0000  0.9988  0.0126  0.0058  0.0476
 9.4836  8.8072 14.5131 -2.3092 -1.8009 -1.2034 -0.1038  0.1039  0.0000  0.9988  0.0067  0.0114  0.0477
 9.2527  8.6271 14.3928 -2.2827 -1.8097 -1.2069 -0.0939  0.0905  0.0000  0.9987  0.0013  0.0164  0.0478
 9.0244  8.4462 14.2721 -2.2470 -1.8073 -1.2105 -0.0836  0.0771  0.0000  0.9986 -0.0036  0.0206  0.0479
 8.7997  8.2654 14.1510 -2.2035 -1.7949 -1.2143 -0.0730  0.0640  0.0000  0.9985 -0.0080  0.0243  0.0479
 8.5793  8.0860 14.0296 -2.1534 -1.7736 -1.2184 -0.0625  0.0513  0.0000  0.9984 -0.0118  0.0273  0.0480
 8.3640  7.9086 13.9078 -2.0980 -1.7447 -1.2227 -0.0521  0.0392  0.0000  0.9983 -0.0150  0.0297  0.0481
 8.1542  7.7341 13.7855 -2.0383 -1.7093 -1.2274 -0.0420  0.0277  0.0000  0.9982 -0.0177  0.0316  0.0481
 7.9504  7.5632 13.6627 -1.9755 -1.6686 -1.2324 -0.0324  0.0170  0.0000  0.9981 -0.0199  0.0328  0.0481
 7.7528  7.3964 13.5395 -1.9106 -1.6237 -1.2375 -0.0232  0.0072  0.0000  0.9980 -0.0215  0.0336  0.0482
 7.5618  7.2340 13.4158 -1.8446 -1.5757 -1.2426 -0.0147 -0.0017  0.0000  0.9980 -0.0227  0.0339  0.0482
 7.3773  7.0764 13.2915 -1.7784 -1.5256 -1.2478 -0.0069 -0.0096  0.0000  0.9980 -0.0234  0.0338  0.0482
 7.1995  6.9238 13.1667 -1.7127 -1.4744 -1.2527  0.0002 -0.0165  0.0000  0.9980 -0.0238  0.0333  0.0483
 7.0282  6.7764 13.0414 -1.6483 -1.4228 -1.2575  0.0064 -0.0224  0.0000  0.9980 -0.0237  0.0325  0.0483
 6.8634  6.6341 12.9157 -1.5858 -1.3716 -1.2620  0.0119 -0.0274  0.0000  0.9981 -0.0233  0.0314  0.0483
 6.7048  6.4970 12.7895 -1.5256 -1.3215 -1.2661  0.0166 -0.0314  0.0000  0.9981 -0.0227  0.0300  0.0483
 6.5522  6.3648 12.6629 -1.4682 -1.2730 -1.2698  0.0205 -0.0346  0.0000  0.9982 -0.0218  0.0285  0.0483
 6.4054  6.2375 12.5359 -1.4139 -1.2267 -1.2731  0.0236 -0.0368  0.0000  0.9983 -0.0207  0.0268  0.0483
 6.2640  6.1149 12.4086 -1.3630 -1.1830 -1.2759  0.0260 -0.0383  0.0000  0.9983 -0.0194  0.0251  0.0483
 6.1277  5.9966 12.2810 -1.3156 -1.1421 -1.2783  0.0277 -0.0390  0.0000  0.9984 -0.0180  0.0232  0.0483
 5.9962  5.8824 12.1532 -1.2719 -1.1043 -1.2802  0.0287 -0.0390  0.0000  0.9985 -0.0165  0.0213  0.0483
 5.8690  5.7719 12.0251 -1.2318 -1.0698 -1.2816  0.0291 -0.0384  0.0000  0.9985 -0.0150  0.0194  0.0483
 5.7458  5.6649 11.8970 -1.1955 -1.0386 -1.2827  0.0290 -0.0373  0.0000  0.9986 -0.0135  0.0176  0.0483
 5.6263  5.5611 11.7687 -1.1627 -1.0108 -1.2834  0.0284 -0.0358  0.0000  0.9986 -0.0119  0.0158  0.0483
 5.5100  5.4600 11.6404 -1.1334 -0.9862 -1.2837  0.0274 -0.0338  0.0000  0.9987 -0.0104  0.0141  0.0483
 5.3966  5.3614 11.5120 -1.1074 -0.9649 -1.2837  0.0260 -0.0316  0.0000  0.9987 -0.0090  0.0125  0.0483
 5.2859  5.2649 11.3836 -1.0845 -0.9467 -1.2834  0.0243 -0.0291  0.0000  0.9987 -0.0076  0.0109  0.0483
 5.1775  5.1702 11.2553 -1.0644 -0.9314 -1.2828  0.0224 -0.0264  0.0000  0.9988 -0.0063  0.0096  0.0483
 5.0710  5.0771 11.1270 -1.0470 -0.9188 -1.2820  0.0203 -0.0236  0.0000  0.9988 -0.0051  0.0083  0.0483
 4.9663  4.9852 10.9988 -1.0320 -0.9087 -1.2809  0.0180 -0.0207  0.0000  0.9988 -0.0041  0.0072  0.0483
 4.8631  4.8943 10.8707 -1.0191 -0.9008 -1.2797  0.0157 -0.0178  0.0000  0.9988 -0.0031  0.0062  0.0483
 4.7612  4.8042 10.7428 -1.0081 -0.8949 -1.2783  0.0133 -0.0150  0.0000  0.9988 -0.0023  0.0053  0.0483
 4.6604  4.7148 10.6149 -0.9986 -0.8906 -1.2768  0.0110 -0.0122  0.0000  0.9988 -0.0016  0.0046  0.0483
 4.5605  4.6257 10.4873 -0.9904 -0.8878 -1.2750  0.0087 -0.0095  0.0000  0.9988 -0.0010  0.0040  0.0483
 4.4615  4.5369 10.3598 -0.9832 -0.8862 -1.2732  0.0065 -0.0070  0.0000  0.9988 -0.0005  0.0036  0.0483
 4.3632  4.4483 10.2324 -0.9769 -0.8855 -1.2711  0.0043 -0.0047  0.0000  0.9988 -0.0002  0.0032  0.0483
 4.2655  4.3597 10.1053 -0.9712 -0.8854 -1.2690  0.0023 -0.0025  0.0000  0.9988  0.0000  0.0030  0.0483
 4.1684  4.2712  9.9784 -0.9658 -0.8858 -1.2667  0.0005 -0.0006  0.0000  0.9988  0.0001  0.0029  0.0483
 4.0718  4.1826  9.8518 -0.9605 -0.8863 -1.2643 -0.0012  0.0012  0.0000  0.9988  0.0002  0.0029  0.0483
 3.9757  4.0940  9.7253 -0.9553 -0.8868 -1.2618 -0.0027  0.0027  0.0000  0.9988  0.0001  0.0029  0.0483
 3.8802  4.0053  9.5991 -0.9499 -0.8872 -1.2591 -0.0040  0.0040  0.0000  0.9988 -0.0000  0.0030  0.0483
 3.7852  3.9166  9.4732 -0.9442 -0.8872 -1.2563 -0.0051  0.0051  0.0000  0.9988 -0.0002  0.0032  0.0483
 3.6908  3.8279  9.3476 -0.9381 -0.8867 -1.2534 -0.0060  0.0060  0.0000  0.9988 -0.0005  0.0035  0.0483
 3.5970  3.7392  9.2223 -0.9315 -0.8856 -1.2504 -0.0068  0.0066  0.0000  0.9988 -0.0008  0.0038  0.0483
 3.5038  3.6506  9.0972 -0.9242 -0.8838 -1.2473 -0.0073  0.0071  0.0000  0.9988 -0.0012  0.0041  0.0483
 3.4114  3.5622  8.9725 -0.9164 -0.8813 -1.2441 -0.0077  0.0074  0.0000  0.9988 -0.0016  0.0044  0.0483
 3.3198  3.4741  8.8481 -0.9079 -0.8779 -1.2407 -0.0079  0.0075  0.0000  0.9988 -0.0020  0.0048  0.0483
 3.2290  3.3863  8.7240 -0.8987 -0.8736 -1.2373 -0.0080  0.0075  0.0000  0.9988 -0.0024  0.0051  0.0483
 3.1391  3.2990  8.6003 -0.8888 -0.8684 -1.2337 -0.0080  0.0073  0.0000  0.9988 -0.0028  0.0055  0.0483
 3.0502  3.2121  8.4769 -0.8782 -0.8623 -1.2300 -0.0078  0.0070  0.0000  0.9988 -0.0032  0.0058  0.0483
 2.9624  3.1259  8.3539 -0.8669 -0.8554 -1.2263 -0.0075  0.0066  0.0000  0.9988 -0.0036  0.0062  0.0483
 2.8757  3.0404  8.2313 -0.8550 -0.8476 -1.2224 -0.0071  0.0061  0.0000  0.9988 -0.0040  0.0065  0.0483
 2.7902  2.9556  8.1090 -0.8425 -0.8389 -1.2184 -0.0067  0.0055  0.0000  0.9988 -0.0044  0.0068  0.0483
 2.7060  2.8717  7.9872 -0.8295 -0.8295 -1.2144 -0.0062  0.0049  0.0000  0.9988 -0.0047  0.0070  0.0483
 2.6230  2.7888  7.8658 -0.8160 -0.8193 -1.2102 -0.0056  0.0043  0.0000  0.9988 -0.0050  0.0072  0.0483
 2.5414  2.7068  7.7447 -0.8020 -0.8085 -1.2059 -0.0050  0.0036  0.0000  0.9988 -0.0053  0.0074  0.0483
 2.4612  2.6260  7.6241 -0.7877 -0.7971 -1.2015 -0.0044  0.0030  0.0000  0.9988 -0.0056  0.0076  0.0483
 2.3824  2.5463  7.5040 -0.7731 -0.7852 -1.1970 -0.0038  0.0023  0.0000  0.9988 -0.0058  0.0077  0.0483
 2.3051  2.4677  7.3843 -0.7582 -0.7728 -1.1924 -0.0032  0.0016  0.0000  0.9988 -0.0060  0.0079  0.0483
 2.2293  2.3905  7.2650 -0.7432 -0.7600 -1.1877 -0.0026  0.0010  0.0000  0.9988 -0.0062  0.0079  0.0483
 2.1550  2.3145  7.1463 -0.7280 -0.7469 -1.1829 -0.0020  0.0004  0.0000  0.9988 -0.0063  0.0080  0.0483
 2.0822  2.2398  7.0280 -0.7127 -0.7336 -1.1780 -0.0014 -0.0001  0.0000  0.9988 -0.0064  0.0080  0.0483
 2.0109  2.1664  6.9102 -0.6975 -0.7200 -1.1730 -0.0009 -0.0006  0.0000  0.9988 -0.0065  0.0080  0.0483
 1.9412  2.0944  6.7929 -0.6823 -0.7064 -1.1679 -0.0005 -0.0010  0.0000  0.9988 -0.0065  0.0079  0.0483
 1.8730  2.0238  6.6761 -0.6671 -0.6926 -1.1627 -0.0000 -0.0014  0.0000  0.9988 -0.0065  0.0079  0.0483
 1.8062  1.9545  6.5598 -0.6521 -0.6788 -1.1573  0.0003 -0.0018  0.0000  0.9988 -0.0065  0.0078  0.0483
 1.7410  1.8866  6.4441 -0.6372 -0.6651 -1.1519  0.0006 -0.0020  0.0000  0.9988 -0.0065  0.0077  0.0483
 1.6773  1.8201  6.3289 -0.6225 -0.6514 -1.1463  0.0009 -0.0022  0.0000  0.9988 -0.0065  0.0076  0.0483
 1.6151  1.7550  6.2143 -0.6081 -0.6379 -1.1407  0.0011 -0.0024  0.0000  0.9988 -0.0064  0.0075  0.0483
 1.5542  1.6912  6.1002 -0.5938 -0.6244 -1.1349  0.0013 -0.0025  0.0000  0.9988 -0.0064  0.0074  0.0483
 1.4949  1.6288  5.9867 -0.5798 -0.6111 -1.1291  0.0014 -0.0026  0.0000  0.9988 -0.0063  0.0073  0.0483
 1.4369  1.5676  5.8738 -0.5660 -0.5980 -1.1232  0.0015 -0.0026  0.0000  0.9988 -0.0062  0.0072  0.0483
 1.3803  1.5078  5.7615 -0.5525 -0.5850 -1.1171  0.0015 -0.0026  0.0000  0.9988 -0.0061  0.0070  0.0483
 1.3250  1.4493  5.6498 -0.5392 -0.5722 -1.1110  0.0015 -0.0025  0.0000  0.9988 -0.0061  0.0069  0.0483
 1.2711  1.3921  5.5387 -0.5262 -0.5596 -1.1048  0.0015 -0.0024  0.0000  0.9988 -0.0060  0.0068  0.0483
 1.2185  1.3362  5.4282 -0.5134 -0.5472 -1.0985  0.0014 -0.0023  0.0000  0.9988 -0.0059  0.0067  0.0483
 1.1672  1.2814  5.3183 -0.5008 -0.5349 -1.0921  0.0014 -0.0022  0.0000  0.9988 -0.0058  0.0066  0.0483
 1.1171  1.2280  5.2091 -0.4885 -0.5229 -1.0857  0.0012 -0.0020  0.0000  0.9988 -0.0057  0.0065  0.0483
 1.0682  1.1757  5.1005 -0.4763 -0.5110 -1.0792  0.0011 -0.0019  0.0000  0.9988 -0.0057  0.0064  0.0483
 1.0206  1.1246  4.9926 -0.4643 -0.4992 -1.0726  0.0010 -0.0017  0.0000  0.9988 -0.0056  0.0063  0.0483
 0.9742  1.0747  4.8854 -0.4525 -0.4876 -1.0660  0.0009 -0.0015  0.0000  0.9988 -0.0056  0.0062  0.0483
 0.9289  1.0259  4.7788 -0.4409 -0.4760 -1.0593  0.0007 -0.0014  0.0000  0.9988 -0.0055  0.0061  0.0483
 0.8848  0.9783  4.6728 -0.4294 -0.4646 -1.0525  0.0006 -0.0012  0.0000  0.9988 -0.0055  0.0061  0.0483
 0.8419  0.9318  4.5676 -0.4180 -0.4533 -1.0457  0.0005 -0.0011  0.0000  0.9988 -0.0054  0.0060  0.0483
 0.8001  0.8865  4.4630 -0.4067 -0.4420 -1.0389  0.0003 -0.0009  0.0000  0.9988 -0.0054  0.0059  0.0483
 0.7594  0.8423  4.3591 -0.3956 -0.4308 -1.0320  0.0002 -0.0008  0.0000  0.9988 -0.0054  0.0059  0.0483
 0.7198  0.7992  4.2559 -0.3845 -0.4196 -1.0251  0.0001 -0.0007  0.0000  0.9988 -0.0054  0.0059  0.0483
 0.6814  0.7573  4.1534 -0.3735 -0.4084 -1.0181  0.0000 -0.0006  0.0000  0.9988 -0.0054  0.0058  0.0483
 0.6441  0.7164  4.0516 -0.3625 -0.3973 -1.0111 -0.0000 -0.0006  0.0000  0.9988 -0.0054  0.0058  0.0483
 0.6078  0.6767  3.9505 -0.3516 -0.3861 -1.0041 -0.0001 -0.0005  0.0000  0.9988 -0.0054  0.0058  0.0483
 0.5726  0.6381  3.8501 -0.3408 -0.3750 -0.9971 -0.0002 -0.0004  0.0000  0.9988 -0.0054  0.0057  0.0483
 0.5386  0.6006  3.7504 -0.3300 -0.3638 -0.9900 -0.0002 -0.0004  0.0000  0.9988 -0.0054  0.0057  0.0484
 0.5056  0.5642  3.6514 -0.3192 -0.3527 -0.9829 -0.0002 -0.0004  0.0000  0.9988 -0.0054  0.0057  0.0484
 0.4736  0.5289  3.5531 -0.3085 -0.3415 -0.9758 -0.0002 -0.0004  0.0000  0.9988 -0.0054  0.0057  0.0484
 0.4428  0.4948  3.4555 -0.2978 -0.3303 -0.9687 -0.0002 -0.0004  0.0000  0.9988 -0.0054  0.0057  0.0484
 0.4130  0.4618  3.3586 -0.2872 -0.3190 -0.9616 -0.0002 -0.0004  0.0000  0.9988 -0.0054  0.0056  0.0484
 0.3843  0.4299  3.2625 -0.2766 -0.3078 -0.9545 -0.0002 -0.0004  0.0000  0.9988 -0.0054  0.0056  0.0484
 0.3566  0.3991  3.1670 -0.2660 -0.2965 -0.9473 -0.0002 -0.0004  0.0000  0.9988 -0.0054  0.0056  0.0484
 0.3300  0.3694  3.0723 -0.2555 -0.2852 -0.9402 -0.0002 -0.0004  0.0000  0.9988 -0.0055  0.0056  0.0484
 0.3045  0.3409  2.9783 -0.2450 -0.2739 -0.9331 -0.0001 -0.0004  0.0000  0.9988 -0.0055  0.0056  0.0484
 0.2800  0.3135  2.8850 -0.2346 -0.2626 -0.9259 -0.0001 -0.0004  0.0000  0.9988 -0.0055  0.0055  0.0484
 0.2565  0.2873  2.7924 -0.2242 -0.2512 -0.9188 -0.0001 -0.0003  0.0000  0.9988 -0.0055  0.0055  0.0484
 0.2341  0.2622  2.7005 -0.2138 -0.2399 -0.9117 -0.0001 -0.0003  0.0000  0.9988 -0.0055  0.0055  0.0484
 0.2127  0.2382  2.6093 -0.2035 -0.2285 -0.9046 -0.0000 -0.0003  0.0000  0.9988 -0.0055  0.0055  0.0484
 0.1924  0.2153  2.5189 -0.1932 -0.2172 -0.8974 -0.0000 -0.0003  0.0000  0.9988 -0.0055  0.0055  0.0484
 0.1731  0.1936  2.4291 -0.1829 -0.2058 -0.8903 -0.0000 -0.0002  0.0000  0.9988 -0.0055  0.0055  0.0484
 0.1548  0.1730  2.3401 -0.1727 -0.1945 -0.8832 -0.0000 -0.0002  0.0000  0.9988 -0.0055  0.0054  0.0484
 0.1375  0.1536  2.2518 -0.1625 -0.1831 -0.8762 -0.0000 -0.0002  0.0000  0.9988 -0.0055  0.0054  0.0484
 0.1213  0.1353  2.1641 -0.1523 -0.1718 -0.8691 -0.0001 -0.0001  0.0000  0.9988 -0.0055  0.0054  0.0484
 0.1060  0.1181  2.0772 -0.1421 -0.1604 -0.8621 -0.0001 -0.0001  0.0000  0.9988 -0.0055  0.0054  0.0484
 0.0918  0.1020  1.9910 -0.1319 -0.1491 -0.8551 -0.0002 -0.0001  0.0000  0.9988 -0.0055  0.0054  0.0484
 0.0786  0.0871  1.9055 -0.1218 -0.1378 -0.8481 -0.0003 -0.0001  0.0000  0.9988 -0.0055  0.0054  0.0484
 0.0664  0.0734  1.8207 -0.1116 -0.1264 -0.8412 -0.0004 -0.0001  0.0000  0.9988 -0.0055  0.0054  0.0484
 0.0553  0.0607  1.7366 -0.1015 -0.1150 -0.8343 -0.0004 -0.0001  0.0000  0.9988 -0.0055  0.0054  0.0484
 0.0451  0.0492  1.6532 -0.0913 -0.1036 -0.8275 -0.0005 -0.0001  0.0000  0.9988 -0.0056  0.0054  0.0484
 0.0360  0.0389  1.5704 -0.0812 -0.0921 -0.8207 -0.0005 -0.0001  0.0000  0.9988 -0.0056  0.0054  0.0484
 0.0279  0.0296  1.4883 -0.0712 -0.0806 -0.8140 -0.0004 -0.0000  0.0000  0.9988 -0.0056  0.0054  0.0484
 0.0208  0.0216  1.4069 -0.0611 -0.0689 -0.8074 -0.0002  0.0001  0.0000  0.9988 -0.0056  0.0054  0.0484
 0.0147  0.0147  1.3262 -0.0511 -0.0573 -0.8010 -0.0000  0.0001  0.0000  0.9988 -0.0056  0.0054  0.0484
 0.0095  0.0090  1.2461 -0.0410 -0.0456 -0.7947  0.0002  0.0002  0.0000  0.9988 -0.0056  0.0054  0.0484
 0.0054  0.0044  1.1666 -0.0310 -0.0339 -0.7886  0.0004  0.0003  0.0000  0.9988 -0.0056  0.0054  0.0484
 0.0023  0.0010  1.0878 -0.0209 -0.0222 -0.7827  0.0006  0.0003  0.0000  0.9988 -0.0056  0.0054  0.0484
 0.0003 -0.0012  1.0095 -0.0108 -0.0106 -0.7773  0.0007  0.0003  0.0000  0.9988 -0.0056  0.0054  0.0484
U_result = 
-0.7263 -0.0063 95.7063
-0.7642 -0.1646 95.7334
-0.7782 -0.2965 95.7603
-0.7692 -0.4021 95.7868
-0.7386 -0.4821 95.8132
-0.6880 -0.5373 95.8392
-0.6194 -0.5686 95.8651
-0.5348 -0.5773 95.8907
-0.4366 -0.5649 95.9162
-0.3272 -0.5332 95.9416
-0.2092 -0.4841 95.9670
-0.0853 -0.4197 95.9923
 0.0421 -0.3421 96.0177
 0.1702 -0.2536 96.0432
 0.2967 -0.1568 96.0689
 0.4190 -0.0540 96.0948
 0.5350  0.0525 96.1209
 0.6426  0.1602 96.1473
 0.7400  0.2669 96.1740
 0.8255  0.3704 96.2010
 0.8978  0.4687 96.2284
 0.9557  0.5599 96.2561
 0.9985  0.6422 96.2841
 1.0254  0.7142 96.3125
 1.0362  0.7745 96.3412
 1.0307  0.8222 96.3701
 1.0093  0.8562 96.3992
 0.9723  0.8762 96.4284
 0.9206  0.8817 96.4577
 0.8551  0.8727 96.4870
 0.7770  0.8495 96.5161
 0.6878  0.8126 96.5449
 0.5893  0.7630 96.5734
 0.4833  0.7018 96.6014
 0.3718  0.6304 96.6289
 0.2569  0.5504 96.6556
 0.1406  0.4636 96.6817
 0.0251  0.3718 96.7071
-0.0878  0.2770 96.7317
-0.1964  0.1809 96.7556
-0.2990  0.0854 96.7789
-0.3944 -0.0082 96.8015
-0.4816 -0.0983 96.8237
-0.5596 -0.1839 96.8455
-0.6280 -0.2639 96.8669
-0.6863 -0.3375 96.8882
-0.7344 -0.4042 96.9094
-0.7721 -0.4635 96.9308
-0.7997 -0.5150 96.9522
-0.8173 -0.5586 96.9740
-0.8252 -0.5942 96.9963
-0.8238 -0.6219 97.0190
-0.8137 -0.6416 97.0423
-0.7952 -0.6535 97.0663
-0.7690 -0.6579 97.0911
-0.7357 -0.6551 97.1166
-0.6959 -0.6452 97.1429
-0.6501 -0.6287 97.1700
-0.5992 -0.6059 97.1978
-0.5438 -0.5772 97.2265
-0.4847 -0.5432 97.2558
-0.4226 -0.5044 97.2857
-0.3583 -0.4612 97.3161
-0.2925 -0.4143 97.3469
-0.2262 -0.3643 97.3781
-0.1602 -0.3120 97.4098
-0.0952 -0.2580 97.4418
-0.0319 -0.2030 97.4736
 0.0290 -0.1475 97.5051
 0.0870 -0.0924 97.5360
 0.1413 -0.0384 97.5662
 0.1913  0.0138 97.5955
 0.2365  0.0634 97.6237
 0.2765  0.1097 97.6508
 0.3107  0.1521 97.6767
 0.3389  0.1900 97.7013
 0.3609  0.2230 97.7247
 0.3767  0.2506 97.7470
 0.3864  0.2727 97.7680
 0.3900  0.2892 97.7880
 0.3880  0.3001 97.8071
 0.3808  0.3056 97.8253
 0.3687  0.3060 97.8429
 0.3525  0.3017 97.8598
 0.3327  0.2931 97.8763
 0.3099  0.2808 97.8923
 0.2848  0.2653 97.9082
 0.2579  0.2472 97.9238
 0.2300  0.2270 97.9394
 0.2014  0.2053 97.9549
 0.1727  0.1826 97.9704
 0.1444  0.1594 97.9859
 0.1169  0.1360 98.0015
 0.0905  0.1130 98.0171
 0.0655  0.0905 98.0328
 0.0421  0.0690 98.0486
 0.0206  0.0487 98.0644
 0.0010  0.0298 98.0802
-0.0165  0.0124 98.0960
-0.0319 -0.0034 98.1118
-0.0452 -0.0174 98.1275
-0.0564 -0.0297 98.1432
-0.0656 -0.0402 98.1587
-0.0727 -0.0490 98.1741
-0.0780 -0.0560 98.1893
-0.0815 -0.0614 98.2043
-0.0834 -0.0652 98.2191
-0.0837 -0.0676 98.2337
-0.0827 -0.0686 98.2481
-0.0805 -0.0684 98.2622
-0.0773 -0.0671 98.2761
-0.0732 -0.0648 98.2898
-0.0683 -0.0616 98.3032
-0.0628 -0.0578 98.3164
-0.0569 -0.0534 98.3294
-0.0507 -0.0485 98.3422
-0.0444 -0.0433 98.3547
-0.0379 -0.0380 98.3672
-0.0315 -0.0325 98.3794
-0.0253 -0.0270 98.3916
-0.0193 -0.0216 98.4036
-0.0136 -0.0164 98.4155
-0.0082 -0.0114 98.4273
-0.0033 -0.0067 98.4391
 0.0012 -0.0024 98.4508
 0.0052  0.0016 98.4625
 0.0087  0.0051 98.4742
 0.0117  0.0082 98.4858
 0.0142  0.0109 98.4974
 0.0162  0.0132 98.5090
 0.0177  0.0149 98.5206
 0.0187  0.0163 98.5321
 0.0193  0.0173 98.5436
 0.0195  0.0178 98.5551
 0.0193  0.0180 98.5666
 0.0188  0.0179 98.5780
 0.0180  0.0175 98.5893
 0.0170  0.0168 98.6005
 0.0157  0.0159 98.6117
 0.0143  0.0148 98.6226
 0.0128  0.0135 98.6335
 0.0112  0.0122 98.6442
 0.0095  0.0107 98.6547
 0.0079  0.0093 98.6649
 0.0062  0.0078 98.6750
 0.0046  0.0063 98.6848
 0.0031  0.0049 98.6943
 0.0017  0.0035 98.7036
 0.0004  0.0022 98.7125
-0.0007  0.0010 98.7212
-0.0017 -0.0000 98.7295
-0.0026 -0.0010 98.7374
-0.0033 -0.0018 98.7450
-0.0039 -0.0025 98.7523
-0.0043 -0.0030 98.7592
-0.0046 -0.0034 98.7657
-0.0047 -0.0037 98.7719
-0.0047 -0.0039 98.7777
-0.0046 -0.0039 98.7832
-0.0045 -0.0039 98.7882
-0.0042 -0.0038 98.7929
-0.0038 -0.0036 98.7973
-0.0035 -0.0033 98.8013
-0.0030 -0.0030 98.8049
-0.0026 -0.0027 98.8083
-0.0022 -0.0023 98.8112
-0.0018 -0.0019 98.8139
-0.0014 -0.0015 98.8163
-0.0010 -0.0011 98.8184
-0.0007 -0.0008 98.8202
-0.0004 -0.0004 98.8217
-0.0002 -0.0001 98.8230
-0.0000  0.0002 98.8240
 0.0000  0.0004 98.8248
 0.0001  0.0006 98.8253
 0.0000  0.0007 98.8256
-0.0001  0.0008 98.8258
-0.0002  0.0009 98.8257
-0.0004  0.0009 98.8254
-0.0005  0.0008 98.8249
-0.0007  0.0007 98.8242
-0.0009  0.0005 98.8233
-0.0010  0.0002 98.8222
-0.0011 -0.0001 98.8208
-0.0011 -0.0005 98.8192
-0.0010 -0.0010 98.8172
-0.0007 -0.0015 98.8149
-0.0004 -0.0020 98.8121
 0.0000 -0.0024 98.8088
 0.0004 -0.0025 98.8049
 0.0003 -0.0021 98.8002
-0.0003 -0.0012 98.7947
-0.0011  0.0004 98.7881
-0.0018  0.0023 98.7802
-0.0021  0.0042 98.7705
-0.0022  0.0057 98.7584
-0.0020  0.0065 98.7428
-0.0015  0.0064 98.7219
-0.0009  0.0051 98.6939
-0.0004  0.0030 98.6602
