o_iti_it bp fp     mu             rho                  LogCost              OptError             Error Reg   Step  Upt
   1   0  0 11 1.0000          1.0000                  -3.3736             5620.9538        19785.0960   0 0.0010    0
   2   1  0  0 1.0000          1.0000                -123.9365              140.5531        19475.9539   1 0.0156    1
   3   2  0  0 1.0000          1.0000                -278.7012               37.6425        18867.3303   1 0.0312    2
   4   3  0  0 1.0000          1.0000                -463.2897               36.4662        17688.1222   1 0.0625    3
   5   4  0  0 1.0000          1.0000                -668.8147               34.1871        15477.1069   1 0.1250    4
   6   5  0  0 1.0000          1.0000                -879.3921               29.9138        11607.8302   1 0.2500    5
   7   6  0  0 1.0000          1.0000               -1069.3646               22.4355         5803.9151   1 0.5000    6
   8   7  0  0 1.0000          1.0000               -1197.0638               15.0237            0.0030   1 1.0000    7
   9   8  0  0 1.0000          1.0000               -1197.0638                0.3216            0.0030   1 0.0156    8
  10   1  0  0 0.2000         10.0000                -225.0323               16.0455            0.0028   0 0.2500    9
  11   2  0  0 0.2000         10.0000                -225.2861               12.0341            0.0025   0 0.2500   10
  12   3  0  0 0.2000         10.0000                -225.6483                9.0256            0.0022   0 0.5000   11
  13   4  0  0 0.2000         10.0000                -226.1531                4.5128            0.0014   0 1.0000   12
  14   5  0  0 0.2000         10.0000                -226.9261                0.0915            0.0001   0 1.0000   13
  15   1  0  0 0.0400        100.0000                  52.1386              153.4780            0.0001   0 0.0625   14
  16   2  0  0 0.0400        100.0000                  44.2237              143.8856            0.0001   0 0.0625   15
  17   3  0  0 0.0400        100.0000                  36.5658              134.8927            0.0001   0 0.0625   16
  18   4  0  0 0.0400        100.0000                  29.3102              126.4619            0.0001   0 0.0625   17
  19   5  0  0 0.0400        100.0000                  22.5265              118.5581            0.0001   0 0.0625   18
  20   6  0  0 0.0400        100.0000                  10.1440              111.1482            0.0001   0 0.1250   19
  21   7  0  0 0.0400        100.0000                   4.8404               97.2547            0.0001   0 0.0625   20
  22   8  0  0 0.0400        100.0000                  -0.0143               91.1763            0.0001   0 0.0625   21
  23   9  0  0 0.0400        100.0000                  -8.7673               85.4777            0.0001   0 0.1250   22
  24  10  0  0 0.0400        100.0000                 -16.0234               74.7930            0.0001   0 0.1250   23
  25  11  0  0 0.0400        100.0000                 -27.7512               65.4439            0.0001   0 0.2500   24
  26  12  0  0 0.0400        100.0000                 -35.5649               49.0829            0.0001   0 0.2500   25
  27  13  0  0 0.0400        100.0000                 -45.6682               36.8122            0.0001   0 0.5000   26
  28  14  0  0 0.0400        100.0000                 -52.6644               18.4061            0.0001   0 1.0000   27
  29  14  0  2 0.0400        100.0000                 -52.6644                0.1478            0.0001   0 0.0010   27
  30   1  0  0 0.0080       1000.0000                   1.7028              198.4940            0.0001   0 0.2500   28
  31   2  0  0 0.0080       1000.0000                  -2.3334              148.8705            0.0001   0 0.2500   29
  32   3  0  0 0.0080       1000.0000                  -4.6589              111.6529            0.0001   0 0.2500   30
  33   4  0  0 0.0080       1000.0000                  -6.0288               83.7397            0.0001   0 0.2500   31
  34   5  0  0 0.0080       1000.0000                  -7.5646               62.8048            0.0001   0 0.5000   32
  35   6  0  0 0.0080       1000.0000                  -8.5000               31.4024            0.0001   0 1.0000   33
  36   6  0  2 0.0080       1000.0000                  -8.5000                0.1470            0.0001   0 0.0010   33
  37   7  0  0 0.0080      10000.0000                  -6.4811              294.8112            0.0001   0 0.5000   34
  38   8  0  0 0.0080      10000.0000                  -8.5717              147.4056            0.0001   0 1.0000   35
  39   8  0  2 0.0080      10000.0000                  -8.5717                0.4905            0.0001   0 0.0010   35
  40   9  0  0 0.0080     100000.0000                  -8.9083              989.4660            0.0001   0 1.0000   36
  41   9  0  2 0.0080     100000.0000                  -8.9083                2.1995            0.0001   0 0.0010   36
  42  10  0  0 0.0080    1000000.0000                 -10.4831             4462.3352            0.0001   0 1.0000   37
  43  10  0  2 0.0080    1000000.0000                 -10.4831                9.8973            0.0001   0 0.0010   37
  44  11  0  0 0.0080    1000000.0000                  -8.3854             1056.2165            0.0001   0 0.2500   38
  45  11  0  2 0.0080    1000000.0000                  -8.3854              792.1624            0.0001   0 0.0010   38
  46  11  0  2 0.0080    1000000.0000                  -8.3854              792.1624            0.0001   1 0.0010   38
  47  11  0  2 0.0080    1000000.0000                  -8.3854              792.1624            0.0001   2 0.0010   38
  48  11  0  2 0.0080    1000000.0000                  -8.3854              792.1624            0.0001   3 0.0010   38
  49  11  0  2 0.0080    1000000.0000                  -8.3854              792.1624            0.0001   4 0.0010   38
  50  11  0  2 0.0080    1000000.0000                  -8.3854              792.1624            0.0001   5 0.0010   38
  51  11  0  2 0.0080    1000000.0000                  -8.3854              792.1624            0.0001   6 0.0010   38
  52  11  0  2 0.0080    1000000.0000                  -8.3854              792.1624            0.0001   7 0.0010   38
  53  11  0  2 0.0080    1000000.0000                  -8.3854             1310.3472            0.0001   8 0.0010   38
  54  11  0  2 0.0080    1000000.0000                  -8.3854             2086.6199            0.0001   9 0.0010   38
  55  11  0  2 0.0080    1000000.0000                  -8.3854             2739.7279            0.0001  10 0.0010   38
  56   1  0  0 0.0016    1000000.0000                   0.0181             1584.1781            0.0001   0 0.5000   39
  57   2  0  0 0.0016    1000000.0000                   0.0093              792.0890            0.0001   0 0.2500   40
  58   2  0  2 0.0016    1000000.0000                   0.0093              594.0668            0.0001   0 0.0010   40
  59   2  0  2 0.0016    1000000.0000                   0.0093              594.0668            0.0001   1 0.0010   40
  60   2  0  2 0.0016    1000000.0000                   0.0093              594.0668            0.0001   2 0.0010   40
  61   2  0  2 0.0016    1000000.0000                   0.0093              594.0668            0.0001   3 0.0010   40
  62   2  0  2 0.0016    1000000.0000                   0.0093              594.0668            0.0001   4 0.0010   40
  63   2  0  2 0.0016    1000000.0000                   0.0093              594.0668            0.0001   5 0.0010   40
  64   2  0  2 0.0016    1000000.0000                   0.0093              594.0668            0.0001   6 0.0010   40
  65   2  0  2 0.0016    1000000.0000                   0.0093              594.0668            0.0001   7 0.0010   40
  66   2  0  2 0.0016    1000000.0000                   0.0093              594.0668            0.0001   8 0.0010   40
  67   2  0  2 0.0016    1000000.0000                   0.0093              876.8266            0.0001   9 0.0010   40
  68   2  0  2 0.0016    1000000.0000                   0.0093             1163.8925            0.0001  10 0.0010   40
  69   1  0  0 0.0003    1000000.0000                   1.5512              667.5170            0.0001   0 0.2500   41
  70   1  0  2 0.0003    1000000.0000                   1.5512              500.6377            0.0001   0 0.0010   41
  71   1  0  2 0.0003    1000000.0000                   1.5512              500.6377            0.0001   1 0.0010   41
  72   1  0  2 0.0003    1000000.0000                   1.5512              500.6377            0.0001   2 0.0010   41
  73   1  0  2 0.0003    1000000.0000                   1.5512              500.6377            0.0001   3 0.0010   41
  74   1  0  2 0.0003    1000000.0000                   1.5512              500.6377            0.0001   4 0.0010   41
  75   1  0  2 0.0003    1000000.0000                   1.5512              500.6377            0.0001   5 0.0010   41
  76   1  0  2 0.0003    1000000.0000                   1.5512              500.6377            0.0001   6 0.0010   41
  77   1  0  2 0.0003    1000000.0000                   1.5512              500.6377            0.0001   7 0.0010   41
  78   1  0  2 0.0003    1000000.0000                   1.5512              500.6377            0.0001   8 0.0010   41
  79   1  0  2 0.0003    1000000.0000                   1.5512              631.3907            0.0001   9 0.0010   41
  80   1  0  2 0.0003    1000000.0000                   1.5512              841.6993            0.0001  10 0.0010   41
  81   0  0  2 0.0001    1000000.0000                   1.8583              481.2879            0.0001   0 0.0010   41
  82   0  0  2 0.0001    1000000.0000                   1.8583              481.2879            0.0001   1 0.0010   41
  83   0  0  2 0.0001    1000000.0000                   1.8583              481.2879            0.0001   2 0.0010   41
  84   0  0  2 0.0001    1000000.0000                   1.8583              481.2879            0.0001   3 0.0010   41
  85   0  0  2 0.0001    1000000.0000                   1.8583              481.2879            0.0001   4 0.0010   41
  86   0  0  2 0.0001    1000000.0000                   1.8583              481.2879            0.0001   5 0.0010   41
  87   0  0  2 0.0001    1000000.0000                   1.8583              481.2879            0.0001   6 0.0010   41
  88   0  0  2 0.0001    1000000.0000                   1.8583              481.2879            0.0001   7 0.0010   41
  89   0  0  2 0.0001    1000000.0000                   1.8583              481.2879            0.0001   8 0.0010   41
  90   0  0  2 0.0001    1000000.0000                   1.8583              606.1660            0.0001   9 0.0010   41
  91   0  0  2 0.0001    1000000.0000                   1.8583              808.1189            0.0001  10 0.0010   41
  92   0  0  2 0.0000    1000000.0000                   1.9245              461.9381            0.0001   0 0.0010   41
  93   0  0  2 0.0000    1000000.0000                   1.9245              461.9381            0.0001   1 0.0010   41
  94   0  0  2 0.0000    1000000.0000                   1.9245              461.9381            0.0001   2 0.0010   41
  95   0  0  2 0.0000    1000000.0000                   1.9245              461.9381            0.0001   3 0.0010   41
  96   0  0  2 0.0000    1000000.0000                   1.9245              461.9381            0.0001   4 0.0010   41
  97   0  0  2 0.0000    1000000.0000                   1.9245              461.9381            0.0001   5 0.0010   41
  98   0  0  2 0.0000    1000000.0000                   1.9245              461.9381            0.0001   6 0.0010   41
  99   0  0  2 0.0000    1000000.0000                   1.9245              461.9381            0.0001   7 0.0010   41
 100   0  0  2 0.0000    1000000.0000                   1.9245              461.9381            0.0001   8 0.0010   41
 101   0  0  2 0.0000    1000000.0000                   1.9245              580.9294            0.0001   9 0.0010   41
 102   0  0  2 0.0000    1000000.0000                   1.9245              774.5159            0.0001  10 0.0010   41
 103   0  0  2 0.0000    1000000.0000                   1.9351              442.5882            0.0001   0 0.0010   41
 104   0  0  2 0.0000    1000000.0000                   1.9351              442.5882            0.0001   1 0.0010   41
 105   0  0  2 0.0000    1000000.0000                   1.9351              442.5882            0.0001   2 0.0010   41
 106   0  0  2 0.0000    1000000.0000                   1.9351              442.5882            0.0001   3 0.0010   41
 107   0  0  2 0.0000    1000000.0000                   1.9351              442.5882            0.0001   4 0.0010   41
 108   0  0  2 0.0000    1000000.0000                   1.9351              442.5882            0.0001   5 0.0010   41
 109   0  0  2 0.0000    1000000.0000                   1.9351              442.5882            0.0001   6 0.0010   41
 110   0  0  2 0.0000    1000000.0000                   1.9351              442.5882            0.0001   7 0.0010   41
 111   0  0  2 0.0000    1000000.0000                   1.9351              442.5882            0.0001   8 0.0010   41
 112   0  0  2 0.0000    1000000.0000                   1.9351              555.6901            0.0001   9 0.0010   41
 113   0  0  2 0.0000    1000000.0000                   1.9351              740.9078            0.0001  10 0.0010   41
Outer Max/Min

In Total : 0.9059 Seconds
X_result = 
 4.0000  6.0000  8.0000  0.0000  0.0000  0.0000  0.0000  0.0000  0.0000  1.0000  0.0000  0.0000  0.0000
 4.0000  6.0000  8.0000  0.0030  0.0045 -0.0155  0.0154 -0.0103  0.0000  1.0000  0.0000  0.0000  0.0000
 4.0003  6.0004  7.9985  0.0064  0.0096 -0.0305  0.0329 -0.0220 -0.0000  1.0000  0.0008 -0.0005  0.0000
 4.0009  6.0014  7.9954  0.0089  0.0134 -0.0452  0.0513 -0.0342 -0.0000  1.0000  0.0024 -0.0016  0.0000
 4.0018  6.0027  7.9909  0.0093  0.0140 -0.0595  0.0693 -0.0462 -0.0000  1.0000  0.0050 -0.0033  0.0000
 4.0028  6.0041  7.9849  0.0061  0.0092 -0.0734  0.0859 -0.0573 -0.0000  0.9999  0.0084 -0.0056  0.0000
 4.0034  6.0051  7.9776 -0.0020 -0.0030 -0.0871  0.1003 -0.0669 -0.0000  0.9999  0.0127 -0.0085  0.0000
 4.0032  6.0048  7.9689 -0.0162 -0.0242 -0.1006  0.1119 -0.0746 -0.0000  0.9998  0.0177 -0.0118  0.0000
 4.0016  6.0023  7.9588 -0.0375 -0.0562 -0.1142  0.1203 -0.0802 -0.0000  0.9996  0.0233 -0.0156  0.0000
 3.9978  5.9967  7.9474 -0.0667 -0.1000 -0.1282  0.1250 -0.0834 -0.0000  0.9994  0.0294 -0.0196  0.0000
 3.9911  5.9867  7.9346 -0.1044 -0.1565 -0.1427  0.1261 -0.0841 -0.0000  0.9991  0.0356 -0.0237  0.0000
 3.9807  5.9711  7.9203 -0.1509 -0.2262 -0.1582  0.1235 -0.0823 -0.0000  0.9987  0.0419 -0.0279  0.0000
 3.9656  5.9484  7.9045 -0.2062 -0.3092 -0.1748  0.1172 -0.0782 -0.0000  0.9983  0.0481 -0.0320  0.0000
 3.9450  5.9175  7.8870 -0.2701 -0.4050 -0.1928  0.1077 -0.0718 -0.0000  0.9979  0.0539 -0.0359  0.0000
 3.9180  5.8770  7.8677 -0.3421 -0.5130 -0.2123  0.0952 -0.0634 -0.0000  0.9975  0.0593 -0.0395  0.0000
 3.8838  5.8257  7.8465 -0.4215 -0.6321 -0.2333  0.0800 -0.0533 -0.0000  0.9970  0.0640 -0.0427  0.0000
 3.8416  5.7625  7.8232 -0.5075 -0.7611 -0.2559  0.0627 -0.0418 -0.0000  0.9967  0.0680 -0.0453  0.0000
 3.7909  5.6864  7.7976 -0.5989 -0.8982 -0.2797  0.0437 -0.0291 -0.0000  0.9963  0.0711 -0.0474  0.0000
 3.7310  5.5966  7.7696 -0.6946 -1.0417 -0.3045  0.0236 -0.0157 -0.0000  0.9961  0.0733 -0.0489  0.0000
 3.6615  5.4924  7.7392 -0.7932 -1.1896 -0.3300  0.0028 -0.0018 -0.0000  0.9960  0.0745 -0.0497  0.0000
 3.5822  5.3735  7.7062 -0.8934 -1.3398 -0.3556 -0.0181  0.0121 -0.0000  0.9960  0.0746 -0.0498  0.0000
 3.4929  5.2395  7.6706 -0.9937 -1.4903 -0.3810 -0.0386  0.0258 -0.0000  0.9961  0.0737 -0.0491  0.0000
 3.3935  5.0905  7.6325 -1.0927 -1.6389 -0.4056 -0.0584  0.0390 -0.0000  0.9963  0.0718 -0.0479  0.0000
 3.2842  4.9266  7.5919 -1.1890 -1.7834 -0.4289 -0.0769  0.0513 -0.0000  0.9966  0.0689 -0.0459  0.0000
 3.1653  4.7482  7.5491 -1.2814 -1.9220 -0.4507 -0.0938  0.0626 -0.0000  0.9969  0.0651 -0.0434  0.0000
 3.0372  4.5560  7.5040 -1.3685 -2.0527 -0.4705 -0.1089  0.0726 -0.0000  0.9974  0.0604 -0.0402  0.0000
 2.9003  4.3508  7.4569 -1.4491 -2.1738 -0.4882 -0.1218  0.0812 -0.0000  0.9978  0.0550 -0.0366  0.0000
 2.7554  4.1334  7.4081 -1.5224 -2.2837 -0.5037 -0.1323  0.0883 -0.0000  0.9983  0.0489 -0.0326  0.0000
 2.6032  3.9050  7.3577 -1.5873 -2.3812 -0.5170 -0.1405  0.0937 -0.0000  0.9987  0.0423 -0.0282  0.0000
 2.4445  3.6669  7.3060 -1.6433 -2.4652 -0.5281 -0.1462  0.0975 -0.0000  0.9991  0.0353 -0.0235  0.0000
 2.2801  3.4204  7.2532 -1.6897 -2.5349 -0.5373 -0.1494  0.0996 -0.0000  0.9994  0.0280 -0.0186  0.0000
 2.1112  3.1669  7.1995 -1.7261 -2.5897 -0.5448 -0.1502  0.1001 -0.0000  0.9997  0.0205 -0.0136  0.0000
 1.9385  2.9079  7.1450 -1.7524 -2.6293 -0.5510 -0.1487  0.0991 -0.0000  0.9999  0.0130 -0.0086  0.0000
 1.7633  2.6450  7.0899 -1.7686 -2.6536 -0.5562 -0.1451  0.0967 -0.0000  1.0000  0.0056 -0.0037  0.0000
 1.5864  2.3796  7.0343 -1.7747 -2.6628 -0.5608 -0.1395  0.0930  0.0000  1.0000 -0.0017  0.0012  0.0000
 1.4090  2.1133  6.9782 -1.7710 -2.6574 -0.5650 -0.1323  0.0882  0.0000  0.9999 -0.0087  0.0058  0.0000
 1.2319  1.8476  6.9217 -1.7580 -2.6380 -0.5693 -0.1236  0.0823  0.0000  0.9998 -0.0153  0.0102  0.0000
 1.0561  1.5838  6.8648 -1.7361 -2.6052 -0.5738 -0.1136  0.0757  0.0000  0.9997 -0.0215  0.0143  0.0000
 0.8825  1.3233  6.8074 -1.7059 -2.5601 -0.5787 -0.1027  0.0684  0.0000  0.9995 -0.0271  0.0181  0.0000
 0.7119  1.0673  6.7495 -1.6683 -2.5037 -0.5843 -0.0911  0.0607 -0.0000  0.9992 -0.0323  0.0215  0.0000
 0.5451  0.8169  6.6911 -1.6239 -2.4372 -0.5905 -0.0791  0.0526  0.0000  0.9990 -0.0368  0.0246  0.0000
 0.3827  0.5732  6.6321 -1.5735 -2.3616 -0.5974 -0.0668  0.0444  0.0000  0.9988 -0.0408  0.0272  0.0000
 0.2253  0.3370  6.5723 -1.5179 -2.2784 -0.6050 -0.0545  0.0363  0.0000  0.9986 -0.0441  0.0294  0.0000
 0.0735  0.1092  6.5118 -1.4581 -2.1887 -0.6131 -0.0424  0.0282  0.0000  0.9984 -0.0468  0.0312  0.0000
-0.0723 -0.1097  6.4505 -1.3948 -2.0938 -0.6217 -0.0308  0.0204  0.0000  0.9983 -0.0489  0.0326  0.0000
-0.2118 -0.3191  6.3883 -1.3289 -1.9949 -0.6307 -0.0196  0.0130  0.0000  0.9982 -0.0505  0.0337  0.0000
-0.3446 -0.5186  6.3253 -1.2610 -1.8931 -0.6398 -0.0092  0.0061  0.0000  0.9981 -0.0515  0.0343  0.0000
-0.4708 -0.7079  6.2613 -1.1921 -1.7897 -0.6489  0.0004 -0.0003  0.0000  0.9981 -0.0519  0.0346  0.0000
-0.5900 -0.8868  6.1964 -1.1227 -1.6856 -0.6578  0.0091 -0.0061  0.0000  0.9981 -0.0519  0.0346  0.0000
-0.7022 -1.0554  6.1306 -1.0536 -1.5818 -0.6665  0.0168 -0.0113  0.0000  0.9981 -0.0514  0.0343  0.0000
-0.8076 -1.2136  6.0640 -0.9852 -1.4792 -0.6747  0.0235 -0.0158  0.0000  0.9981 -0.0506  0.0337  0.0000
-0.9061 -1.3615  5.9965 -0.9181 -1.3785 -0.6824  0.0292 -0.0196  0.0000  0.9982 -0.0494  0.0329  0.0000
-0.9979 -1.4994  5.9283 -0.8527 -1.2803 -0.6895  0.0339 -0.0227  0.0000  0.9983 -0.0480  0.0320  0.0000
-1.0832 -1.6274  5.8593 -0.7893 -1.1852 -0.6958  0.0375 -0.0251  0.0000  0.9985 -0.0463  0.0308  0.0000
-1.1621 -1.7459  5.7897 -0.7284 -1.0938 -0.7015  0.0402 -0.0269  0.0000  0.9986 -0.0444  0.0296  0.0000
-1.2350 -1.8553  5.7196 -0.6701 -1.0062 -0.7063  0.0419 -0.0280  0.0000  0.9987 -0.0424  0.0282  0.0000
-1.3020 -1.9559  5.6489 -0.6146 -0.9228 -0.7104  0.0428 -0.0286  0.0000  0.9988 -0.0403  0.0268  0.0000
-1.3634 -2.0482  5.5779 -0.5619 -0.8436 -0.7137  0.0429 -0.0286  0.0000  0.9989 -0.0382  0.0254  0.0000
-1.4196 -2.1325  5.5065 -0.5122 -0.7689 -0.7163  0.0422 -0.0282  0.0000  0.9991 -0.0360  0.0240  0.0000
-1.4708 -2.2094  5.4349 -0.4654 -0.6985 -0.7182  0.0410 -0.0274  0.0000  0.9992 -0.0339  0.0226  0.0000
-1.5174 -2.2793  5.3631 -0.4214 -0.6324 -0.7195  0.0392 -0.0262  0.0000  0.9993 -0.0319  0.0212  0.0000
-1.5595 -2.3425  5.2911 -0.3802 -0.5704 -0.7201  0.0370 -0.0247  0.0000  0.9994 -0.0299  0.0199  0.0000
-1.5975 -2.3996  5.2191 -0.3416 -0.5124 -0.7202  0.0344 -0.0229  0.0000  0.9994 -0.0281  0.0187  0.0000
-1.6317 -2.4508  5.1471 -0.3055 -0.4580 -0.7197  0.0315 -0.0210  0.0000  0.9995 -0.0263  0.0175  0.0000
-1.6622 -2.4966  5.0751 -0.2716 -0.4071 -0.7188  0.0285 -0.0190  0.0000  0.9996 -0.0248  0.0165  0.0000
-1.6894 -2.5373  5.0032 -0.2399 -0.3592 -0.7174  0.0254 -0.0169  0.0000  0.9996 -0.0233  0.0155  0.0000
-1.7134 -2.5732  4.9315 -0.2100 -0.3142 -0.7157  0.0223 -0.0148  0.0000  0.9996 -0.0221  0.0147  0.0000
-1.7344 -2.6047  4.8599 -0.1817 -0.2716 -0.7136  0.0192 -0.0128  0.0000  0.9997 -0.0210  0.0139  0.0000
-1.7526 -2.6318  4.7886 -0.1549 -0.2312 -0.7112  0.0162 -0.0108  0.0000  0.9997 -0.0200  0.0133  0.0000
-1.7681 -2.6549  4.7174 -0.1292 -0.1926 -0.7085  0.0134 -0.0089  0.0000  0.9997 -0.0192  0.0127  0.0000
-1.7810 -2.6742  4.6466 -0.1047 -0.1556 -0.7055  0.0109 -0.0072  0.0000  0.9998 -0.0185  0.0123  0.0000
-1.7914 -2.6898  4.5761 -0.0809 -0.1198 -0.7023  0.0085 -0.0056  0.0000  0.9998 -0.0180  0.0119  0.0000
-1.7995 -2.7017  4.5058 -0.0578 -0.0849 -0.6988  0.0065 -0.0042  0.0000  0.9998 -0.0176  0.0117  0.0000
-1.8053 -2.7102  4.4359 -0.0351 -0.0509 -0.6952  0.0047 -0.0031  0.0000  0.9998 -0.0172  0.0114  0.0000
-1.8088 -2.7153  4.3664 -0.0129 -0.0173 -0.6914  0.0032 -0.0021  0.0000  0.9998 -0.0170  0.0113  0.0000
-1.8101 -2.7170  4.2973  0.0092  0.0158 -0.6874  0.0020 -0.0013  0.0000  0.9998 -0.0168  0.0112  0.0000
-1.8092 -2.7155  4.2286  0.0311  0.0488 -0.6832  0.0012 -0.0007  0.0000  0.9998 -0.0167  0.0111  0.0000
-1.8061 -2.7106  4.1602  0.0529  0.0816 -0.6789  0.0006 -0.0003  0.0000  0.9998 -0.0167  0.0111  0.0000
-1.8008 -2.7024  4.0923  0.0747  0.1144 -0.6744  0.0003 -0.0001  0.0000  0.9998 -0.0166  0.0111  0.0000
-1.7933 -2.6910  4.0249  0.0966  0.1473 -0.6698  0.0003 -0.0001  0.0000  0.9998 -0.0166  0.0111  0.0000
-1.7837 -2.6763  3.9579  0.1184  0.1801 -0.6651  0.0006 -0.0003  0.0000  0.9998 -0.0166  0.0111  0.0000
-1.7718 -2.6582  3.8914  0.1403  0.2130 -0.6602  0.0010 -0.0006  0.0000  0.9998 -0.0166  0.0110  0.0000
-1.7578 -2.6369  3.8254  0.1623  0.2460 -0.6552  0.0017 -0.0010  0.0000  0.9998 -0.0165  0.0110  0.0000
-1.7416 -2.6123  3.7599  0.1842  0.2788 -0.6501  0.0025 -0.0016  0.0000  0.9998 -0.0165  0.0110  0.0000
-1.7231 -2.5845  3.6949  0.2060  0.3116 -0.6448  0.0034 -0.0022  0.0000  0.9998 -0.0163  0.0109  0.0000
-1.7025 -2.5533  3.6304  0.2277  0.3441 -0.6394  0.0045 -0.0029  0.0000  0.9998 -0.0162  0.0108  0.0000
-1.6798 -2.5189  3.5664  0.2492  0.3763 -0.6339  0.0057 -0.0037  0.0000  0.9998 -0.0159  0.0106  0.0000
-1.6549 -2.4813  3.5031  0.2704  0.4082 -0.6282  0.0069 -0.0045  0.0000  0.9998 -0.0156  0.0104  0.0000
-1.6278 -2.4404  3.4402  0.2913  0.4394 -0.6224  0.0082 -0.0054  0.0000  0.9998 -0.0153  0.0102  0.0000
-1.5987 -2.3965  3.3780  0.3117  0.4700 -0.6165  0.0094 -0.0062  0.0000  0.9998 -0.0149  0.0100  0.0000
-1.5675 -2.3495  3.3163  0.3316  0.4998 -0.6104  0.0107 -0.0070  0.0000  0.9998 -0.0144  0.0096  0.0000
-1.5343 -2.2995  3.2553  0.3509  0.5286 -0.6041  0.0119 -0.0079  0.0000  0.9999 -0.0139  0.0093  0.0000
-1.4993 -2.2467  3.1949  0.3695  0.5564 -0.5977  0.0131 -0.0087  0.0000  0.9999 -0.0133  0.0089  0.0000
-1.4623 -2.1910  3.1351  0.3873  0.5830 -0.5912  0.0143 -0.0094  0.0000  0.9999 -0.0126  0.0085  0.0000
-1.4236 -2.1327  3.0760  0.4043  0.6083 -0.5845  0.0154 -0.0102  0.0000  0.9999 -0.0119  0.0080  0.0000
-1.3831 -2.0719  3.0176  0.4203  0.6321 -0.5776  0.0164 -0.0108  0.0000  0.9999 -0.0111  0.0075  0.0000
-1.3411 -2.0087  2.9598  0.4352  0.6544 -0.5706  0.0173 -0.0114  0.0000  0.9999 -0.0103  0.0069  0.0000
-1.2976 -1.9432  2.9027  0.4491  0.6750 -0.5635  0.0181 -0.0120  0.0000  0.9999 -0.0095  0.0064  0.0000
-1.2527 -1.8757  2.8464  0.4619  0.6940 -0.5562  0.0188 -0.0125  0.0000  0.9999 -0.0086  0.0058  0.0000
-1.2065 -1.8063  2.7908  0.4734  0.7111 -0.5488  0.0194 -0.0129  0.0000  1.0000 -0.0076  0.0052  0.0000
-1.1592 -1.7352  2.7359  0.4837  0.7263 -0.5413  0.0199 -0.0132  0.0000  1.0000 -0.0067  0.0045  0.0000
-1.1108 -1.6626  2.6817  0.4927  0.7396 -0.5336  0.0203 -0.0135  0.0000  1.0000 -0.0057  0.0038  0.0000
-1.0615 -1.5886  2.6284  0.5003  0.7509 -0.5259  0.0206 -0.0137  0.0000  1.0000 -0.0046  0.0032  0.0000
-1.0115 -1.5136  2.5758  0.5067  0.7601 -0.5180  0.0208 -0.0138  0.0000  1.0000 -0.0036  0.0025  0.0000
-0.9608 -1.4376  2.5240  0.5116  0.7673 -0.5100  0.0209 -0.0139  0.0000  1.0000 -0.0026  0.0018  0.0000
-0.9097 -1.3608  2.4730  0.5152  0.7724 -0.5020  0.0209 -0.0139  0.0000  1.0000 -0.0015  0.0011  0.0000
-0.8581 -1.2836  2.4228  0.5173  0.7754 -0.4938  0.0208 -0.0138  0.0000  1.0000 -0.0005  0.0004  0.0000
-0.8064 -1.2060  2.3734  0.5181  0.7763 -0.4856  0.0206 -0.0137  0.0000  1.0000  0.0006 -0.0003  0.0000
-0.7546 -1.1284  2.3249  0.5175  0.7751 -0.4774  0.0204 -0.0136  0.0000  1.0000  0.0016 -0.0010  0.0000
-0.7028 -1.0509  2.2771  0.5155  0.7719 -0.4691  0.0200 -0.0133  0.0000  1.0000  0.0026 -0.0016  0.0000
-0.6513 -0.9737  2.2302  0.5122  0.7666 -0.4607  0.0196 -0.0131  0.0000  1.0000  0.0036 -0.0023  0.0000
-0.6001 -0.8970  2.1841  0.5075  0.7594 -0.4524  0.0191 -0.0127  0.0000  1.0000  0.0046 -0.0030  0.0000
-0.5493 -0.8211  2.1389  0.5015  0.7501 -0.4440  0.0185 -0.0124  0.0000  1.0000  0.0055 -0.0036  0.0000
-0.4992 -0.7461  2.0945  0.4943  0.7390 -0.4355  0.0179 -0.0120  0.0000  1.0000  0.0065 -0.0042  0.0000
-0.4497 -0.6722  2.0509  0.4858  0.7260 -0.4271  0.0172 -0.0115  0.0000  1.0000  0.0074 -0.0048  0.0000
-0.4012 -0.5996  2.0082  0.4761  0.7112 -0.4187  0.0164 -0.0110  0.0000  1.0000  0.0082 -0.0054  0.0000
-0.3535 -0.5285  1.9664  0.4653  0.6947 -0.4103  0.0156 -0.0105  0.0000  0.9999  0.0090 -0.0059  0.0000
-0.3070 -0.4590  1.9253  0.4534  0.6766 -0.4019  0.0148 -0.0099  0.0000  0.9999  0.0098 -0.0065  0.0000
-0.2617 -0.3913  1.8852  0.4404  0.6569 -0.3935  0.0138 -0.0093  0.0000  0.9999  0.0106 -0.0070  0.0000
-0.2176 -0.3257  1.8458  0.4264  0.6357 -0.3851  0.0129 -0.0086  0.0000  0.9999  0.0113 -0.0074  0.0000
-0.1750 -0.2621  1.8073  0.4115  0.6131 -0.3767  0.0118 -0.0080  0.0000  0.9999  0.0119 -0.0079  0.0000
-0.1339 -0.2008  1.7696  0.3958  0.5893 -0.3684  0.0108 -0.0073  0.0000  0.9999  0.0125 -0.0083  0.0000
-0.0943 -0.1419  1.7328  0.3792  0.5642 -0.3601  0.0097 -0.0065  0.0000  0.9999  0.0130 -0.0086  0.0000
-0.0564 -0.0854  1.6968  0.3619  0.5381 -0.3518  0.0085 -0.0058  0.0000  0.9999  0.0135 -0.0089  0.0000
-0.0202 -0.0316  1.6616  0.3440  0.5111 -0.3435  0.0074 -0.0050  0.0000  0.9999  0.0139 -0.0092  0.0000
 0.0142  0.0195  1.6272  0.3255  0.4831 -0.3353  0.0062 -0.0042  0.0000  0.9999  0.0143 -0.0095  0.0000
 0.0468  0.0678  1.5937  0.3065  0.4545 -0.3271  0.0049 -0.0034  0.0000  0.9998  0.0146 -0.0097  0.0000
 0.0774  0.1132  1.5610  0.2870  0.4252 -0.3189  0.0037 -0.0026  0.0000  0.9998  0.0149 -0.0099  0.0000
 0.1061  0.1558  1.5291  0.2672  0.3954 -0.3108  0.0025 -0.0018  0.0000  0.9998  0.0150 -0.0100  0.0000
 0.1329  0.1953  1.4980  0.2472  0.3653 -0.3026  0.0012 -0.0009  0.0000  0.9998  0.0152 -0.0101  0.0000
 0.1576  0.2318  1.4678  0.2270  0.3349 -0.2945 -0.0001 -0.0001  0.0000  0.9998  0.0152 -0.0101  0.0000
 0.1803  0.2653  1.4383  0.2067  0.3044 -0.2864 -0.0013  0.0007  0.0000  0.9998  0.0152 -0.0101  0.0000
 0.2009  0.2958  1.4097  0.1864  0.2739 -0.2783 -0.0026  0.0016  0.0000  0.9998  0.0152 -0.0101  0.0000
 0.2196  0.3231  1.3819  0.1661  0.2435 -0.2702 -0.0038  0.0024  0.0000  0.9998  0.0150 -0.0100  0.0000
 0.2362  0.3475  1.3548  0.1461  0.2134 -0.2621 -0.0050  0.0032  0.0000  0.9998  0.0148 -0.0099  0.0000
 0.2508  0.3688  1.3286  0.1262  0.1837 -0.2540 -0.0062  0.0040  0.0000  0.9998  0.0146 -0.0097  0.0000
 0.2634  0.3872  1.3032  0.1067  0.1545 -0.2460 -0.0074  0.0047  0.0000  0.9999  0.0143 -0.0095  0.0000
 0.2741  0.4027  1.2786  0.0876  0.1260 -0.2379 -0.0085  0.0055  0.0000  0.9999  0.0139 -0.0093  0.0000
 0.2829  0.4153  1.2548  0.0690  0.0982 -0.2298 -0.0095  0.0062  0.0000  0.9999  0.0135 -0.0090  0.0000
 0.2897  0.4251  1.2319  0.0509  0.0712 -0.2218 -0.0105  0.0068  0.0000  0.9999  0.0130 -0.0087  0.0000
 0.2948  0.4322  1.2097  0.0335  0.0452 -0.2137 -0.0115  0.0075  0.0000  0.9999  0.0125 -0.0084  0.0000
 0.2982  0.4367  1.1883  0.0167  0.0203 -0.2057 -0.0123  0.0080  0.0000  0.9999  0.0119 -0.0080  0.0000
 0.2999  0.4387  1.1677  0.0007 -0.0035 -0.1976 -0.0131  0.0086  0.0000  0.9999  0.0113 -0.0076  0.0000
 0.2999  0.4384  1.1480 -0.0145 -0.0261 -0.1896 -0.0138  0.0090  0.0000  0.9999  0.0106 -0.0072  0.0000
 0.2985  0.4358  1.1290 -0.0288 -0.0473 -0.1815 -0.0144  0.0094  0.0000  0.9999  0.0099 -0.0067  0.0000
 0.2956  0.4311  1.1109 -0.0422 -0.0671 -0.1735 -0.0149  0.0098  0.0000  0.9999  0.0092 -0.0063  0.0000
 0.2914  0.4243  1.0935 -0.0547 -0.0855 -0.1655 -0.0154  0.0101  0.0000  0.9999  0.0085 -0.0058  0.0000
 0.2859  0.4158  1.0770 -0.0662 -0.1024 -0.1576 -0.0157  0.0103  0.0000  1.0000  0.0077 -0.0053  0.0000
 0.2793  0.4056  1.0612 -0.0766 -0.1177 -0.1496 -0.0159  0.0105  0.0000  1.0000  0.0069 -0.0047  0.0000
 0.2716  0.3938  1.0462 -0.0860 -0.1314 -0.1417 -0.0160  0.0106  0.0000  1.0000  0.0061 -0.0042  0.0000
 0.2630  0.3807  1.0321 -0.0944 -0.1435 -0.1339 -0.0160  0.0106  0.0000  1.0000  0.0053 -0.0037  0.0000
 0.2536  0.3663  1.0187 -0.1017 -0.1540 -0.1261 -0.0160  0.0105  0.0000  1.0000  0.0045 -0.0032  0.0000
 0.2434  0.3509  1.0061 -0.1080 -0.1629 -0.1184 -0.0158  0.0104  0.0000  1.0000  0.0037 -0.0026  0.0000
 0.2326  0.3346  0.9942 -0.1131 -0.1702 -0.1107 -0.0155  0.0102  0.0000  1.0000  0.0029 -0.0021  0.0000
 0.2213  0.3176  0.9832 -0.1173 -0.1759 -0.1031 -0.0151  0.0100  0.0000  1.0000  0.0022 -0.0016  0.0000
 0.2096  0.3000  0.9729 -0.1204 -0.1800 -0.0956 -0.0146  0.0097  0.0000  1.0000  0.0014 -0.0011  0.0000
 0.1975  0.2820  0.9633 -0.1224 -0.1827 -0.0882 -0.0140  0.0093  0.0000  1.0000  0.0007 -0.0006  0.0000
 0.1853  0.2637  0.9545 -0.1236 -0.1838 -0.0810 -0.0133  0.0089  0.0000  1.0000 -0.0000 -0.0002  0.0000
 0.1729  0.2453  0.9464 -0.1237 -0.1836 -0.0738 -0.0125  0.0084  0.0000  1.0000 -0.0007  0.0003  0.0000
 0.1606  0.2270  0.9390 -0.1230 -0.1820 -0.0667 -0.0117  0.0079  0.0000  1.0000 -0.0013  0.0007  0.0000
 0.1483  0.2088  0.9323 -0.1215 -0.1791 -0.0598 -0.0108  0.0073  0.0000  1.0000 -0.0019  0.0011  0.0000
 0.1361  0.1909  0.9263 -0.1192 -0.1751 -0.0530 -0.0098  0.0067  0.0000  1.0000 -0.0024  0.0015  0.0000
 0.1242  0.1734  0.9210 -0.1161 -0.1700 -0.0463 -0.0088  0.0060  0.0000  1.0000 -0.0029  0.0018  0.0000
 0.1126  0.1564  0.9164 -0.1124 -0.1640 -0.0398 -0.0077  0.0054  0.0000  1.0000 -0.0034  0.0021  0.0000
 0.1014  0.1400  0.9124 -0.1080 -0.1570 -0.0335 -0.0066  0.0047  0.0000  1.0000 -0.0037  0.0024  0.0000
 0.0906  0.1243  0.9091 -0.1032 -0.1493 -0.0273 -0.0055  0.0039  0.0000  1.0000 -0.0041  0.0026  0.0000
 0.0802  0.1093  0.9063 -0.0978 -0.1409 -0.0213 -0.0043  0.0032  0.0000  1.0000 -0.0043  0.0028  0.0000
 0.0705  0.0952  0.9042 -0.0921 -0.1320 -0.0154 -0.0032  0.0025  0.0000  1.0000 -0.0046  0.0029  0.0000
 0.0612  0.0820  0.9027 -0.0861 -0.1227 -0.0098 -0.0020  0.0018  0.0000  1.0000 -0.0047  0.0031  0.0000
 0.0526  0.0698  0.9017 -0.0798 -0.1131 -0.0043 -0.0009  0.0010  0.0000  1.0000 -0.0048  0.0032  0.0000
 0.0447  0.0585  0.9013 -0.0734 -0.1032  0.0010  0.0002  0.0003  0.0000  1.0000 -0.0049  0.0032  0.0000
 0.0373  0.0481  0.9014 -0.0668 -0.0933  0.0060  0.0012 -0.0003  0.0000  1.0000 -0.0049  0.0032  0.0000
 0.0306  0.0388  0.9020 -0.0603 -0.0835  0.0109  0.0022 -0.0010  0.0000  1.0000 -0.0048  0.0032  0.0000
 0.0246  0.0305  0.9031 -0.0538 -0.0737  0.0155  0.0031 -0.0016  0.0000  1.0000 -0.0047  0.0032  0.0000
 0.0192  0.0231  0.9046 -0.0474 -0.0643  0.0199  0.0040 -0.0022  0.0000  1.0000 -0.0045  0.0031  0.0000
 0.0145  0.0167  0.9066 -0.0411 -0.0551  0.0241  0.0047 -0.0027  0.0000  1.0000 -0.0043  0.0030  0.0000
 0.0104  0.0111  0.9090 -0.0351 -0.0464  0.0279  0.0054 -0.0032  0.0000  1.0000 -0.0041  0.0028  0.0000
 0.0069  0.0065  0.9118 -0.0294 -0.0381  0.0316  0.0060 -0.0037  0.0000  1.0000 -0.0038  0.0027  0.0000
 0.0039  0.0027  0.9150 -0.0240 -0.0305  0.0349  0.0065 -0.0040  0.0000  1.0000 -0.0035  0.0025  0.0000
 0.0015 -0.0003  0.9184 -0.0191 -0.0234  0.0379  0.0069 -0.0044  0.0000  1.0000 -0.0032  0.0023  0.0000
-0.0004 -0.0027  0.9222 -0.0145 -0.0171  0.0407  0.0071 -0.0046  0.0000  1.0000 -0.0029  0.0021  0.0000
-0.0018 -0.0044  0.9263 -0.0104 -0.0114  0.0430  0.0072 -0.0048  0.0000  1.0000 -0.0025  0.0018  0.0000
-0.0029 -0.0055  0.9306 -0.0067 -0.0065  0.0451  0.0072 -0.0049  0.0000  1.0000 -0.0021  0.0016  0.0000
-0.0035 -0.0062  0.9351 -0.0036 -0.0023  0.0468  0.0071 -0.0049  0.0000  1.0000 -0.0018  0.0014  0.0000
-0.0039 -0.0064  0.9398 -0.0009  0.0011  0.0481  0.0069 -0.0048  0.0000  1.0000 -0.0014  0.0011  0.0000
-0.0040 -0.0063  0.9446  0.0012  0.0037  0.0489  0.0065 -0.0046  0.0000  1.0000 -0.0011  0.0009  0.0000
-0.0039 -0.0059  0.9495  0.0029  0.0057  0.0494  0.0059 -0.0043  0.0000  1.0000 -0.0008  0.0006  0.0000
-0.0036 -0.0054  0.9544  0.0040  0.0070  0.0494  0.0053 -0.0039  0.0000  1.0000 -0.0005  0.0004  0.0000
-0.0032 -0.0047  0.9594  0.0047  0.0077  0.0490  0.0046 -0.0035  0.0000  1.0000 -0.0002  0.0002  0.0000
-0.0027 -0.0039  0.9643  0.0051  0.0078  0.0481  0.0037 -0.0029  0.0000  1.0000  0.0000  0.0001  0.0000
-0.0022 -0.0031  0.9691  0.0050  0.0075  0.0466  0.0028 -0.0023  0.0000  1.0000  0.0002 -0.0001  0.0000
-0.0017 -0.0024  0.9737  0.0046  0.0067  0.0447  0.0019 -0.0017  0.0000  1.0000  0.0004 -0.0002  0.0000
-0.0012 -0.0017  0.9782  0.0040  0.0058  0.0422  0.0009 -0.0009  0.0000  1.0000  0.0005 -0.0003  0.0000
-0.0008 -0.0011  0.9824  0.0033  0.0046  0.0391 -0.0000 -0.0002  0.0000  1.0000  0.0005 -0.0003  0.0000
-0.0005 -0.0007  0.9863  0.0025  0.0034  0.0355 -0.0009  0.0004  0.0000  1.0000  0.0005 -0.0003  0.0000
-0.0002 -0.0003  0.9899  0.0016  0.0022  0.0313 -0.0016  0.0010  0.0000  1.0000  0.0005 -0.0003  0.0000
-0.0001 -0.0001  0.9930  0.0009  0.0011  0.0264 -0.0020  0.0014  0.0000  1.0000  0.0004 -0.0003 -0.0000
 0.0000  0.0000  0.9957  0.0003  0.0004  0.0209 -0.0022  0.0016  0.0000  1.0000  0.0003 -0.0002 -0.0000
 0.0000  0.0000  0.9977 -0.0001 -0.0001  0.0146 -0.0020  0.0015  0.0000  1.0000  0.0002 -0.0001 -0.0000
 0.0000  0.0000  0.9992 -0.0002 -0.0002  0.0077 -0.0013  0.0010  0.0000  1.0000  0.0001 -0.0001 -0.0000
 0.0000  0.0000  1.0000 -0.0000 -0.0000 -0.0000 -0.0000  0.0000  0.0000  1.0000  0.0000 -0.0000 -0.0000
U_result = 
 0.2979  0.4465 96.5537
 0.3398  0.5095 96.5935
 0.3556  0.5332 96.6322
 0.3484  0.5226 96.6699
 0.3219  0.4828 96.7068
 0.2795  0.4193 96.7430
 0.2248  0.3374 96.7787
 0.1613  0.2421 96.8140
 0.0921  0.1385 96.8489
 0.0204  0.0308 96.8835
-0.0513 -0.0766 96.9180
-0.1204 -0.1803 96.9524
-0.1849 -0.2771 96.9867
-0.2431 -0.3644 97.0209
-0.2936 -0.4401 97.0550
-0.3353 -0.5027 97.0891
-0.3676 -0.5511 97.1232
-0.3900 -0.5847 97.1572
-0.4024 -0.6034 97.1910
-0.4049 -0.6072 97.2247
-0.3980 -0.5970 97.2582
-0.3823 -0.5735 97.2914
-0.3586 -0.5379 97.3244
-0.3278 -0.4918 97.3569
-0.2911 -0.4368 97.3889
-0.2497 -0.3747 97.4204
-0.2048 -0.3074 97.4513
-0.1577 -0.2368 97.4816
-0.1096 -0.1648 97.5113
-0.0618 -0.0930 97.5403
-0.0153 -0.0233 97.5687
 0.0290  0.0431 97.5965
 0.0701  0.1048 97.6237
 0.1075  0.1609 97.6505
 0.1406  0.2105 97.6769
 0.1691  0.2533 97.7029
 0.1927  0.2887 97.7286
 0.2113  0.3166 97.7541
 0.2250  0.3371 97.7794
 0.2338  0.3504 97.8047
 0.2380  0.3568 97.8298
 0.2379  0.3566 97.8549
 0.2338  0.3505 97.8800
 0.2261  0.3390 97.9051
 0.2153  0.3229 97.9302
 0.2018  0.3026 97.9553
 0.1861  0.2790 97.9805
 0.1686  0.2529 98.0056
 0.1498  0.2247 98.0307
 0.1302  0.1953 98.0558
 0.1101  0.1653 98.0808
 0.0901  0.1353 98.1057
 0.0704  0.1058 98.1304
 0.0514  0.0774 98.1550
 0.0334  0.0504 98.1793
 0.0166  0.0252 98.2034
 0.0013  0.0022 98.2272
-0.0125 -0.0185 98.2507
-0.0246 -0.0366 98.2739
-0.0350 -0.0521 98.2966
-0.0435 -0.0649 98.3189
-0.0503 -0.0751 98.3408
-0.0553 -0.0826 98.3622
-0.0587 -0.0877 98.3832
-0.0604 -0.0903 98.4036
-0.0608 -0.0908 98.4235
-0.0597 -0.0893 98.4429
-0.0575 -0.0860 98.4618
-0.0543 -0.0812 98.4802
-0.0502 -0.0751 98.4981
-0.0455 -0.0680 98.5155
-0.0402 -0.0600 98.5324
-0.0345 -0.0516 98.5489
-0.0286 -0.0428 98.5649
-0.0227 -0.0338 98.5805
-0.0168 -0.0250 98.5957
-0.0110 -0.0163 98.6104
-0.0055 -0.0081 98.6249
-0.0003 -0.0004 98.6390
 0.0044  0.0068 98.6527
 0.0087  0.0132 98.6662
 0.0126  0.0189 98.6793
 0.0158  0.0238 98.6922
 0.0186  0.0279 98.7048
 0.0208  0.0312 98.7171
 0.0225  0.0338 98.7292
 0.0237  0.0355 98.7410
 0.0244  0.0366 98.7525
 0.0247  0.0370 98.7638
 0.0246  0.0368 98.7749
 0.0241  0.0361 98.7856
 0.0233  0.0348 98.7962
 0.0222  0.0332 98.8064
 0.0208  0.0311 98.8164
 0.0193  0.0288 98.8261
 0.0176  0.0263 98.8356
 0.0158  0.0235 98.8448
 0.0139  0.0206 98.8536
 0.0119  0.0177 98.8622
 0.0099  0.0147 98.8705
 0.0079  0.0117 98.8785
 0.0059  0.0087 98.8862
 0.0040  0.0058 98.8935
 0.0021  0.0029 98.9006
 0.0002  0.0001 98.9074
-0.0015 -0.0026 98.9138
-0.0033 -0.0052 98.9200
-0.0049 -0.0076 98.9258
-0.0065 -0.0100 98.9314
-0.0080 -0.0123 98.9366
-0.0094 -0.0144 98.9416
-0.0108 -0.0165 98.9462
-0.0121 -0.0184 98.9505
-0.0133 -0.0203 98.9546
-0.0145 -0.0221 98.9583
-0.0156 -0.0237 98.9618
-0.0167 -0.0253 98.9650
-0.0177 -0.0268 98.9678
-0.0186 -0.0283 98.9704
-0.0195 -0.0296 98.9727
-0.0203 -0.0308 98.9747
-0.0211 -0.0320 98.9765
-0.0218 -0.0330 98.9779
-0.0224 -0.0340 98.9791
-0.0230 -0.0348 98.9799
-0.0235 -0.0355 98.9805
-0.0238 -0.0360 98.9807
-0.0241 -0.0364 98.9807
-0.0243 -0.0367 98.9804
-0.0244 -0.0368 98.9797
-0.0243 -0.0367 98.9788
-0.0241 -0.0364 98.9775
-0.0238 -0.0359 98.9759
-0.0234 -0.0353 98.9740
-0.0228 -0.0344 98.9718
-0.0221 -0.0333 98.9693
-0.0213 -0.0320 98.9664
-0.0203 -0.0306 98.9631
-0.0192 -0.0289 98.9595
-0.0180 -0.0270 98.9556
-0.0167 -0.0250 98.9513
-0.0152 -0.0228 98.9466
-0.0136 -0.0204 98.9416
-0.0120 -0.0178 98.9362
-0.0102 -0.0152 98.9304
-0.0084 -0.0124 98.9242
-0.0065 -0.0095 98.9177
-0.0046 -0.0065 98.9107
-0.0026 -0.0035 98.9034
-0.0006 -0.0005 98.8956
 0.0014  0.0026 98.8874
 0.0033  0.0057 98.8788
 0.0053  0.0087 98.8698
 0.0072  0.0116 98.8603
 0.0090  0.0145 98.8504
 0.0108  0.0172 98.8400
 0.0124  0.0198 98.8292
 0.0140  0.0223 98.8178
 0.0154  0.0245 98.8060
 0.0167  0.0265 98.7936
 0.0178  0.0283 98.7807
 0.0188  0.0299 98.7672
 0.0197  0.0311 98.7531
 0.0203  0.0321 98.7383
 0.0208  0.0328 98.7229
 0.0211  0.0332 98.7068
 0.0212  0.0332 98.6899
 0.0211  0.0330 98.6722
 0.0208  0.0324 98.6537
 0.0204  0.0315 98.6342
 0.0198  0.0303 98.6138
 0.0190  0.0287 98.5923
 0.0180  0.0269 98.5697
 0.0169  0.0248 98.5460
 0.0156  0.0225 98.5210
 0.0142  0.0198 98.4948
 0.0127  0.0170 98.4671
 0.0109  0.0139 98.4380
 0.0091  0.0107 98.4074
 0.0071  0.0073 98.3753
 0.0049  0.0037 98.3415
 0.0026  0.0000 98.3060
 0.0001 -0.0038 98.2689
-0.0025 -0.0076 98.2299
-0.0053 -0.0114 98.1892
-0.0080 -0.0150 98.1466
-0.0108 -0.0185 98.1022
-0.0134 -0.0217 98.0558
-0.0158 -0.0243 98.0076
-0.0179 -0.0264 97.9575
-0.0195 -0.0277 97.9053
-0.0204 -0.0280 97.8512
-0.0203 -0.0270 97.7950
-0.0191 -0.0245 97.7366
-0.0164 -0.0202 97.6759
-0.0121 -0.0138 97.6128
-0.0057 -0.0051 97.5469
 0.0030  0.0062 97.4779
 0.0143  0.0203 97.4052
 0.0287  0.0379 97.3289
