o_iti_it bp fp     mu             rho                  LogCost              OptError             Error Reg   Step  Upt
   1   1  0  0 1.0000          1.0000                 145.8980              187.6203         8363.7751   0 0.0078    1
   2   2  0  0 1.0000          1.0000                 142.4320              325.7888         8347.4396   0 0.0020    2
   3   3  0  0 1.0000          1.0000                 136.1357              263.0280         8314.8324   0 0.0039    3
   4   4  0  0 1.0000          1.0000                 124.7266              142.2947         8249.8727   0 0.0078    4
   5   5  0  0 1.0000          1.0000                 104.1481               64.4809         8120.9684   0 0.0156    5
   6   6  0  0 1.0000          1.0000                  69.1631               33.4347         7867.1876   0 0.0312    6
   7   7  0  0 1.0000          1.0000                  16.6770               32.3899         7375.4865   0 0.0625    7
   8   8  0  0 1.0000          1.0000                 -51.2088               30.3655         6453.5451   0 0.1250    8
   9   9  0  0 1.0000          1.0000                -127.5439               26.5698         4840.1467   0 0.2500    9
  10  10  0  0 1.0000          1.0000                -200.5572               19.9274         2420.0548   0 0.5000   10
  11  11  0  0 1.0000          1.0000                -251.5549                9.9637            0.0151   0 1.0000   11
  12   0  0  2 0.2000         10.0000                 102.5587               18.4043            0.0151   0 0.0010   11
  13   0  0  2 0.2000         10.0000                 102.5587               18.4043            0.0151   1 0.0010   11
  14   0  0  2 0.2000         10.0000                 102.5587               18.4043            0.0151   2 0.0010   11
  15   0  0  2 0.2000         10.0000                 102.5587               18.4043            0.0151   3 0.0010   11
  16   0  0  2 0.2000         10.0000                 102.5587               18.4043            0.0151   4 0.0010   11
  17   0  0  2 0.2000         10.0000                 102.5587               18.4043            0.0151   5 0.0010   11
  18   0  0  2 0.2000         10.0000                 102.5587               36.0533            0.0151   6 0.0010   11
  19   0  0  2 0.2000         10.0000                 102.5587               60.5317            0.0151   7 0.0010   11
  20   0  0  2 0.2000         10.0000                 102.5587               64.8759            0.0151   8 0.0010   11
  21   0  0  2 0.2000         10.0000                 102.5587               65.3437            0.0151   9 0.0010   11
  22   0  0  2 0.2000         10.0000                 102.5587               65.3908            0.0151  10 0.0010   11
  23   1  0  0 0.0400        100.0000                 401.2733              202.4472            0.0116   0 0.2500   12
  24   2  0  0 0.0400        100.0000                 388.9702              151.8354            0.0089   0 0.2500   13
  25   3  0  0 0.0400        100.0000                 380.7893              113.8766            0.0078   0 0.1250   14
  26   4  0  0 0.0400        100.0000                 370.9685               99.6420            0.0069   0 0.1250   15
  27   5  0  0 0.0400        100.0000                 359.4053               87.1867            0.0062   0 0.1250   16
  28   6  0  0 0.0400        100.0000                 346.4834               76.2884            0.0056   0 0.1250   17
  29   7  0  0 0.0400        100.0000                 319.8715               66.7524            0.0049   0 0.2500   18
  30   8  0  0 0.0400        100.0000                 294.5293               50.0643            0.0045   0 0.2500   19
  31   9  0  0 0.0400        100.0000                 273.6581               37.5482            0.0040   0 0.2500   20
  32  10  0  0 0.0400        100.0000                 241.2802               28.1611            0.0037   0 0.5000   21
  33  11  0  0 0.0400        100.0000                 203.3845               14.0806            0.0023   0 1.0000   22
  34  12  0  0 0.0400        100.0000                 191.1872                0.1488            0.0001   0 1.0000   23
  35   1  0  0 0.0080       1000.0000                 413.2370              724.3569            0.0001   0 0.0312   24
  36   2  0  0 0.0080       1000.0000                 404.9395              701.7208            0.0001   0 0.0312   25
  37   3  0  0 0.0080       1000.0000                 396.9897              679.7920            0.0001   0 0.0312   26
  38   4  0  0 0.0080       1000.0000                 393.1692              658.5485            0.0001   0 0.0156   27
  39   5  0  0 0.0080       1000.0000                 389.4280              648.2587            0.0001   0 0.0156   28
  40   6  0  0 0.0080       1000.0000                 385.7643              638.1296            0.0001   0 0.0156   29
  41   7  0  0 0.0080       1000.0000                 382.1761              628.1588            0.0001   0 0.0156   30
  42   8  0  0 0.0080       1000.0000                 378.6617              618.3439            0.0001   0 0.0156   31
  43   9  0  0 0.0080       1000.0000                 375.2192              608.6822            0.0001   0 0.0156   32
  44  10  0  0 0.0080       1000.0000                 371.8469              599.1716            0.0001   0 0.0156   33
  45  11  0  0 0.0080       1000.0000                 370.1929              589.8095            0.0001   0 0.0078   34
  46  12  0  0 0.0080       1000.0000                 366.9227              585.2016            0.0001   0 0.0156   35
  47  13  0  0 0.0080       1000.0000                 363.7187              576.0579            0.0001   0 0.0156   36
  48  14  0  0 0.0080       1000.0000                 360.5793              567.0570            0.0001   0 0.0156   37
  49  15  0  0 0.0080       1000.0000                 357.5029              558.1967            0.0001   0 0.0156   38
  50  16  0  0 0.0080       1000.0000                 354.4881              549.4749            0.0001   0 0.0156   39
  51  17  0  0 0.0080       1000.0000                 351.5334              540.8893            0.0001   0 0.0156   40
  52  18  0  0 0.0080       1000.0000                 348.6375              532.4379            0.0001   0 0.0156   41
  53  19  0  0 0.0080       1000.0000                 345.7989              524.1186            0.0001   0 0.0156   42
  54  20  0  0 0.0080       1000.0000                 343.0164              515.9292            0.0001   0 0.0156   43
  55  21  0  0 0.0080       1000.0000                 340.2886              507.8678            0.0001   0 0.0156   44
  56  22  0  0 0.0080       1000.0000                 334.9526              499.9324            0.0001   0 0.0312   45
  57  23  0  0 0.0080       1000.0000                 332.3825              484.3095            0.0001   0 0.0156   46
  58  24  0  0 0.0080       1000.0000                 329.8622              476.7422            0.0001   0 0.0156   47
  59  25  0  0 0.0080       1000.0000                 324.9303              469.2931            0.0001   0 0.0312   48
  60  26  0  0 0.0080       1000.0000                 322.5538              454.6277            0.0001   0 0.0156   49
  61  27  0  0 0.0080       1000.0000                 317.9019              447.5241            0.0001   0 0.0312   50
  62  28  0  0 0.0080       1000.0000                 313.4268              433.5390            0.0001   0 0.0312   51
  63  29  0  0 0.0080       1000.0000                 309.1207              419.9909            0.0001   0 0.0312   52
  64  30  0  0 0.0080       1000.0000                 304.9761              406.8662            0.0001   0 0.0312   53
  65  31  0  0 0.0080       1000.0000                 300.9860              394.1516            0.0001   0 0.0312   54
  66  32  0  0 0.0080       1000.0000                 297.1436              381.8344            0.0001   0 0.0312   55
  67  33  0  0 0.0080       1000.0000                 293.4426              369.9021            0.0001   0 0.0312   56
  68  34  0  0 0.0080       1000.0000                 289.8769              358.3426            0.0001   0 0.0312   57
  69  35  0  0 0.0080       1000.0000                 283.0293              347.1444            0.0001   0 0.0625   58
  70  36  0  0 0.0080       1000.0000                 279.8398              325.4479            0.0001   0 0.0312   59
  71  37  0  0 0.0080       1000.0000                 273.7088              315.2776            0.0001   0 0.0625   60
  72  38  0  0 0.0080       1000.0000                 268.0090              295.5728            0.0001   0 0.0625   61
  73  39  0  0 0.0080       1000.0000                 262.7051              277.0995            0.0001   0 0.0625   62
  74  40  0  0 0.0080       1000.0000                 257.7654              259.7808            0.0001   0 0.0625   63
  75  41  0  0 0.0080       1000.0000                 253.1606              243.5445            0.0001   0 0.0625   64
  76  42  0  0 0.0080       1000.0000                 244.6133              228.3229            0.0001   0 0.1250   65
  77  43  0  0 0.0080       1000.0000                 237.1847              199.7826            0.0001   0 0.1250   66
  78  44  0  0 0.0080       1000.0000                 230.7062              174.8097            0.0001   0 0.1250   67
  79  45  0  0 0.0080       1000.0000                 225.0375              152.9585            0.0001   0 0.1250   68
  80  46  0  0 0.0080       1000.0000                 215.1549              133.8387            0.0001   0 0.2500   69
  81  47  0  0 0.0080       1000.0000                 207.5940              100.3790            0.0001   0 0.2500   70
  82  48  0  0 0.0080       1000.0000                 201.7245               75.2843            0.0001   0 0.2500   71
  83  49  0  0 0.0080       1000.0000                 192.5546               56.4632            0.0001   0 0.5000   72
  84  50  0  0 0.0080       1000.0000                 187.0006               28.2316            0.0001   0 0.5000   73
  85  51  0  0 0.0080       1000.0000                 179.6801               14.1158            0.0001   0 1.0000   74
  86  52  0  0 0.0080       1000.0000                 176.2439                0.1271            0.0001   0 1.0000   75
  87  53  0  0 0.0080      10000.0000                 193.5141              643.7637            0.0001   0 0.0625   76
  88  54  0  0 0.0080      10000.0000                 190.4112              603.5285            0.0001   0 0.0625   77
  89  55  0  0 0.0080      10000.0000                 187.5971              565.8080            0.0001   0 0.0625   78
  90  56  0  0 0.0080      10000.0000                 185.0426              530.4450            0.0001   0 0.0625   79
  91  57  0  0 0.0080      10000.0000                 182.7218              497.2922            0.0001   0 0.0625   80
  92  58  0  0 0.0080      10000.0000                 180.6117              466.2114            0.0001   0 0.0625   81
  93  59  0  0 0.0080      10000.0000                 178.6917              437.0732            0.0001   0 0.0625   82
  94  60  0  0 0.0080      10000.0000                 176.9435              409.7561            0.0001   0 0.0625   83
  95  61  0  0 0.0080      10000.0000                 175.3508              384.1464            0.0001   0 0.0625   84
  96  62  0  0 0.0080      10000.0000                 173.8988              360.1372            0.0001   0 0.0625   85
  97  63  0  0 0.0080      10000.0000                 172.5745              337.6286            0.0001   0 0.0625   86
  98  64  0  0 0.0080      10000.0000                 171.3660              316.5268            0.0001   0 0.0625   87
  99  65  0  0 0.0080      10000.0000                 169.1756              296.7439            0.0001   0 0.1250   88
 100  66  0  0 0.0080      10000.0000                 167.3595              259.6509            0.0001   0 0.1250   89
 101  67  0  0 0.0080      10000.0000                 165.8530              227.1946            0.0001   0 0.1250   90
 102  68  0  0 0.0080      10000.0000                 163.3778              198.7952            0.0001   0 0.2500   91
 103  69  0  0 0.0080      10000.0000                 160.1337              149.0964            0.0001   0 0.5000   92
 104  70  0  0 0.0080      10000.0000                 158.0533               74.5482            0.0001   0 1.0000   93
 105  70  0  2 0.0080      10000.0000                 158.0533                0.1554            0.0001   0 0.0010   93
 106  71  0  0 0.0080     100000.0000                 160.5601              727.7051            0.0001   0 0.2500   94
 107  71  0  2 0.0080     100000.0000                 160.5601              545.7788            0.0001   0 0.0010   94
 108  71  0  2 0.0080     100000.0000                 160.5601              545.7788            0.0001   1 0.0010   94
 109  72  0  0 0.0080     100000.0000                 160.5593              545.7788            0.0001   2 0.1250   95
 110  72  0  2 0.0080     100000.0000                 160.5593              477.5565            0.0001   2 0.0010   95
 111  73  0  0 0.0080     100000.0000                 160.4492              477.5565            0.0001   3 1.0000   96
 112  73  0  2 0.0080     100000.0000                 160.4492                0.7210            0.0001   3 0.0010   96
 113  74  0  0 0.0080    1000000.0000                 162.1581             3797.9505            0.0001   3 1.0000   97
 114  75  0  0 0.0080    1000000.0000                 161.8473                1.8659            0.0001   3 1.0000   98
 115  76  0  0 0.0080    1000000.0000                 161.5284              399.6629            0.0001   3 1.0000   99
 116  77  0  0 0.0080    1000000.0000                 161.4033                0.7416            0.0001   3 1.0000  100
 117  78  0  0 0.0080    1000000.0000                 161.2427              154.0750            0.0001   3 1.0000  101
 118  79  0  0 0.0080    1000000.0000                 161.1915                0.2935            0.0001   3 1.0000  102
 119  80  0  0 0.0080    1000000.0000                 161.1224               57.5876            0.0001   3 1.0000  103
 120  81  0  0 0.0080    1000000.0000                 161.1005                0.1692            0.0001   3 1.0000  104
 121  82  0  0 0.0080    1000000.0000                 161.0717               35.0091            0.0001   3 1.0000  105
 122  83  0  0 0.0080    1000000.0000                 161.0615                0.1123            0.0001   3 1.0000  106
 123  84  0  0 0.0080    1000000.0000                 161.0494               21.4277            0.0001   3 1.0000  107
 124  85  0  0 0.0080    1000000.0000                 161.0440                0.0718            0.0001   3 1.0000  108
 125   1  0  0 0.0016    1000000.0000                 163.5153               12.5919            0.0001   0 1.0000  109
 126   2  0  0 0.0016    1000000.0000                 163.5068                0.0133            0.0001   0 1.0000  110
 127   1  0  0 0.0003    1000000.0000                 164.0023                3.9989            0.0001   0 1.0000  111
 128   2  0  0 0.0003    1000000.0000                 163.9962                0.0106            0.0001   0 1.0000  112
 129   2  0  2 0.0003    1000000.0000                 163.9962                4.3383            0.0001   0 0.0010  112
 130   2  0  2 0.0003    1000000.0000                 163.9962                4.3383            0.0001   1 0.0010  112
 131   2  0  2 0.0003    1000000.0000                 163.9962                4.3383            0.0001   2 0.0010  112
 132   2  0  2 0.0003    1000000.0000                 163.9962                4.3383            0.0001   3 0.0010  112
 133   2  0  2 0.0003    1000000.0000                 163.9962                4.3383            0.0001   4 0.0010  112
 134   3  0  0 0.0003    1000000.0000                 163.9962                4.3383            0.0001   5 1.0000  113
 135   4  0  0 0.0003    1000000.0000                 163.9962                0.0080            0.0001   5 1.0000  114
 136   4  0  2 0.0003    1000000.0000                 163.9962                4.2287            0.0001   5 0.0010  114
 137   4  0  2 0.0003    1000000.0000                 163.9962                4.2287            0.0001   6 0.0010  114
 138   4  0  2 0.0003    1000000.0000                 163.9962                4.2287            0.0001   7 0.0010  114
 139   4  0  2 0.0003    1000000.0000                 163.9962                4.2287            0.0001   8 0.0010  114
 140   4  0  2 0.0003    1000000.0000                 163.9962                4.2287            0.0001   9 0.0010  114
 141   4  0  2 0.0003    1000000.0000                 163.9962                4.2287            0.0001  10 0.0010  114
 142   0  0  2 0.0001    1000000.0000                 164.0955                8.4574            0.0001   0 0.0010  114
 143   0  0  2 0.0001    1000000.0000                 164.0955                8.4574            0.0001   1 0.0010  114
 144   0  0  2 0.0001    1000000.0000                 164.0955                8.4574            0.0001   2 0.0010  114
 145   0  0  2 0.0001    1000000.0000                 164.0955                8.4574            0.0001   3 0.0010  114
 146   0  0  2 0.0001    1000000.0000                 164.0955                8.4574            0.0001   4 0.0010  114
 147   1  0  0 0.0001    1000000.0000                 164.0955                8.4574            0.0001   5 1.0000  115
 148   2  0  0 0.0001    1000000.0000                 164.0955                0.0075            0.0001   5 1.0000  116
 149   2  0  2 0.0001    1000000.0000                 164.0955                4.1104            0.0001   5 0.0010  116
 150   2  0  2 0.0001    1000000.0000                 164.0955                4.1104            0.0001   6 0.0010  116
 151   2  0  2 0.0001    1000000.0000                 164.0955                4.1104            0.0001   7 0.0010  116
 152   2  0  2 0.0001    1000000.0000                 164.0955                4.1104            0.0001   8 0.0010  116
 153   2  0  2 0.0001    1000000.0000                 164.0955                4.1104            0.0001   9 0.0010  116
 154   2  0  2 0.0001    1000000.0000                 164.0955                4.1104            0.0001  10 0.0010  116
 155   0  0  2 0.0000    1000000.0000                 164.1168                8.2208            0.0001   0 0.0010  116
 156   0  0  2 0.0000    1000000.0000                 164.1168                8.2208            0.0001   1 0.0010  116
 157   0  0  2 0.0000    1000000.0000                 164.1168                8.2208            0.0001   2 0.0010  116
 158   0  0  2 0.0000    1000000.0000                 164.1168                8.2208            0.0001   3 0.0010  116
 159   0  0  2 0.0000    1000000.0000                 164.1168                8.2208            0.0001   4 0.0010  116
 160   0  0  2 0.0000    1000000.0000                 164.1168                8.2208            0.0001   5 0.0010  116
 161   1  0  0 0.0000    1000000.0000                 164.1168                8.2208            0.0001   6 1.0000  117
 162   1  0  2 0.0000    1000000.0000                 164.1168                0.0075            0.0001   6 0.0010  117
 163   1  0  2 0.0000    1000000.0000                 164.1168                4.0982            0.0001   7 0.0010  117
 164   1  0  2 0.0000    1000000.0000                 164.1168                4.0982            0.0001   8 0.0010  117
 165   1  0  2 0.0000    1000000.0000                 164.1168                4.0982            0.0001   9 0.0010  117
 166   1  0  2 0.0000    1000000.0000                 164.1168                4.0982            0.0001  10 0.0010  117
 167   0  0  2 0.0000    1000000.0000                 164.1201                8.1963            0.0001   0 0.0010  117
 168   0  0  2 0.0000    1000000.0000                 164.1201                8.1963            0.0001   1 0.0010  117
 169   0  0  2 0.0000    1000000.0000                 164.1201                8.1963            0.0001   2 0.0010  117
 170   0  0  2 0.0000    1000000.0000                 164.1201                8.1963            0.0001   3 0.0010  117
 171   0  0  2 0.0000    1000000.0000                 164.1201                8.1963            0.0001   4 0.0010  117
 172   0  0  2 0.0000    1000000.0000                 164.1201                8.1963            0.0001   5 0.0010  117
 173   0  0  2 0.0000    1000000.0000                 164.1201                8.1963            0.0001   6 0.0010  117
 174   1  0  0 0.0000    1000000.0000                 164.1201                8.1963            0.0001   7 1.0000  118
 175   1  0  2 0.0000    1000000.0000                 164.1201                0.0075            0.0001   7 0.0010  118
 176   1  0  2 0.0000    1000000.0000                 164.1201                4.0970            0.0001   8 0.0010  118
 177   1  0  2 0.0000    1000000.0000                 164.1201                4.0970            0.0001   9 0.0010  118
 178   1  0  2 0.0000    1000000.0000                 164.1201                4.0970            0.0001  10 0.0010  118
Outer Max/Min

In Total : 0.5264 Seconds
X_result = 
 4.0000  3.0000  0.0000  0.0000  0.0000  0.0000
 4.0000  3.0000 -0.0283  0.0069  0.0000 -0.0145
 3.9990  3.0002 -0.0553  0.0131 -0.0005 -0.0276
 3.9971  3.0007 -0.0813  0.0186 -0.0015 -0.0394
 3.9942  3.0013 -0.1063  0.0232 -0.0028 -0.0500
 3.9905  3.0022 -0.1304  0.0268 -0.0046 -0.0595
 3.9859  3.0031 -0.1536  0.0293 -0.0067 -0.0679
 3.9806  3.0041 -0.1762  0.0306 -0.0091 -0.0753
 3.9744  3.0052 -0.1980  0.0307 -0.0117 -0.0816
 3.9675  3.0063 -0.2192  0.0295 -0.0145 -0.0869
 3.9598  3.0073 -0.2398  0.0269 -0.0176 -0.0912
 3.9514  3.0082 -0.2599  0.0228 -0.0208 -0.0947
 3.9423  3.0090 -0.2794  0.0173 -0.0241 -0.0972
 3.9325  3.0096 -0.2985  0.0103 -0.0275 -0.0990
 3.9221  3.0100 -0.3170  0.0018 -0.0310 -0.0999
 3.9110  3.0101 -0.3351 -0.0082 -0.0345 -0.1000
 3.8993  3.0098 -0.3528 -0.0197 -0.0380 -0.0995
 3.8869  3.0091 -0.3701 -0.0327 -0.0414 -0.0982
 3.8740  3.0080 -0.3870 -0.0471 -0.0449 -0.0963
 3.8604  3.0063 -0.4035 -0.0630 -0.0482 -0.0938
 3.8463  3.0041 -0.4196 -0.0802 -0.0515 -0.0908
 3.8316  3.0013 -0.4354 -0.0988 -0.0547 -0.0873
 3.8164  2.9978 -0.4508 -0.1186 -0.0578 -0.0833
 3.8006  2.9937 -0.4659 -0.1397 -0.0607 -0.0788
 3.7843  2.9888 -0.4806 -0.1620 -0.0634 -0.0740
 3.7675  2.9831 -0.4950 -0.1853 -0.0660 -0.0689
 3.7501  2.9766 -0.5091 -0.2097 -0.0684 -0.0635
 3.7323  2.9693 -0.5228 -0.2350 -0.0707 -0.0578
 3.7140  2.9611 -0.5362 -0.2612 -0.0727 -0.0519
 3.6953  2.9519 -0.5493 -0.2881 -0.0745 -0.0458
 3.6760  2.9418 -0.5621 -0.3158 -0.0761 -0.0396
 3.6564  2.9308 -0.5746 -0.3440 -0.0775 -0.0332
 3.6362  2.9188 -0.5867 -0.3728 -0.0787 -0.0268
 3.6157  2.9057 -0.5985 -0.4020 -0.0796 -0.0204
 3.5948  2.8916 -0.6099 -0.4315 -0.0803 -0.0140
 3.5734  2.8765 -0.6210 -0.4613 -0.0808 -0.0076
 3.5517  2.8604 -0.6318 -0.4913 -0.0811 -0.0013
 3.5296  2.8432 -0.6422 -0.5213 -0.0811  0.0050
 3.5071  2.8249 -0.6522 -0.5513 -0.0809  0.0111
 3.4843  2.8056 -0.6619 -0.5813 -0.0805  0.0172
 3.4611  2.7853 -0.6713 -0.6110 -0.0799  0.0230
 3.4376  2.7639 -0.6802 -0.6405 -0.0791  0.0287
 3.4138  2.7415 -0.6888 -0.6697 -0.0781  0.0342
 3.3897  2.7181 -0.6971 -0.6984 -0.0769  0.0394
 3.3653  2.6936 -0.7049 -0.7267 -0.0756  0.0445
 3.3406  2.6682 -0.7124 -0.7544 -0.0740  0.0492
 3.3157  2.6418 -0.7196 -0.7815 -0.0723  0.0538
 3.2905  2.6144 -0.7263 -0.8079 -0.0704  0.0581
 3.2651  2.5861 -0.7327 -0.8336 -0.0684  0.0621
 3.2394  2.5570 -0.7386 -0.8585 -0.0662  0.0658
 3.2136  2.5269 -0.7443 -0.8825 -0.0639  0.0692
 3.1875  2.4960 -0.7495 -0.9056 -0.0615  0.0724
 3.1613  2.4643 -0.7544 -0.9278 -0.0589  0.0753
 3.1349  2.4319 -0.7589 -0.9490 -0.0563  0.0778
 3.1083  2.3987 -0.7631 -0.9692 -0.0536  0.0801
 3.0816  2.3647 -0.7669 -0.9884 -0.0508  0.0821
 3.0548  2.3301 -0.7703 -1.0065 -0.0479  0.0839
 3.0278  2.2949 -0.7734 -1.0235 -0.0450  0.0853
 3.0008  2.2591 -0.7762 -1.0394 -0.0420  0.0865
 2.9736  2.2227 -0.7786 -1.0541 -0.0389  0.0874
 2.9463  2.1858 -0.7807 -1.0677 -0.0359  0.0880
 2.9190  2.1484 -0.7825 -1.0802 -0.0328  0.0884
 2.8916  2.1106 -0.7840 -1.0915 -0.0297  0.0886
 2.8642  2.0724 -0.7852 -1.1016 -0.0266  0.0885
 2.8367  2.0339 -0.7860 -1.1106 -0.0235  0.0882
 2.8092  1.9950 -0.7866 -1.1184 -0.0204  0.0877
 2.7817  1.9559 -0.7869 -1.1250 -0.0174  0.0870
 2.7541  1.9165 -0.7869 -1.1306 -0.0143  0.0861
 2.7266  1.8769 -0.7867 -1.1350 -0.0113  0.0850
 2.6990  1.8372 -0.7862 -1.1382 -0.0083  0.0837
 2.6715  1.7974 -0.7854 -1.1404 -0.0054  0.0823
 2.6440  1.7574 -0.7844 -1.1416 -0.0025  0.0808
 2.6166  1.7175 -0.7832 -1.1416  0.0003  0.0791
 2.5892  1.6775 -0.7817 -1.1406  0.0031  0.0773
 2.5618  1.6376 -0.7800 -1.1387  0.0058  0.0753
 2.5345  1.5978 -0.7780 -1.1357  0.0084  0.0733
 2.5073  1.5580 -0.7758 -1.1318  0.0110  0.0712
 2.4801  1.5184 -0.7735 -1.1270  0.0135  0.0691
 2.4531  1.4790 -0.7709 -1.1212  0.0159  0.0668
 2.4261  1.4397 -0.7681 -1.1146  0.0182  0.0645
 2.3992  1.4007 -0.7651 -1.1072  0.0205  0.0622
 2.3724  1.3619 -0.7619 -1.0990  0.0227  0.0598
 2.3457  1.3235 -0.7585 -1.0900  0.0248  0.0574
 2.3192  1.2853 -0.7550 -1.0802  0.0268  0.0550
 2.2928  1.2475 -0.7512 -1.0698  0.0287  0.0526
 2.2665  1.2101 -0.7473 -1.0587  0.0305  0.0502
 2.2403  1.1730 -0.7432 -1.0469  0.0323  0.0477
 2.2143  1.1364 -0.7389 -1.0345  0.0340  0.0453
 2.1885  1.1002 -0.7344 -1.0216  0.0356  0.0429
 2.1627  1.0644 -0.7298 -1.0081  0.0371  0.0406
 2.1372  1.0291 -0.7250 -0.9940  0.0385  0.0382
 2.1118  0.9943 -0.7201 -0.9795  0.0398  0.0359
 2.0866  0.9601 -0.7150 -0.9646  0.0411  0.0337
 2.0616  0.9263 -0.7097 -0.9492  0.0423  0.0314
 2.0368  0.8931 -0.7042 -0.9334  0.0434  0.0292
 2.0121  0.8604 -0.6986 -0.9172  0.0444  0.0271
 1.9877  0.8283 -0.6929 -0.9007  0.0453  0.0250
 1.9634  0.7968 -0.6870 -0.8839  0.0462  0.0230
 1.9394  0.7658 -0.6810 -0.8668  0.0470  0.0210
 1.9155  0.7355 -0.6748 -0.8495  0.0477  0.0190
 1.8919  0.7058 -0.6684 -0.8319  0.0484  0.0172
 1.8685  0.6767 -0.6619 -0.8140  0.0490  0.0153
 1.8454  0.6482 -0.6553 -0.7960  0.0495  0.0135
 1.8224  0.6203 -0.6485 -0.7778  0.0500  0.0118
 1.7997  0.5931 -0.6416 -0.7595  0.0504  0.0101
 1.7773  0.5665 -0.6346 -0.7410  0.0508  0.0084
 1.7550  0.5406 -0.6274 -0.7224  0.0511  0.0068
 1.7331  0.5153 -0.6201 -0.7038  0.0513  0.0053
 1.7114  0.4906 -0.6127 -0.6850  0.0515  0.0038
 1.6899  0.4667 -0.6051 -0.6662  0.0516  0.0023
 1.6688  0.4434 -0.5974 -0.6474  0.0517  0.0008
 1.6479  0.4207 -0.5896 -0.6286  0.0517 -0.0006
 1.6272  0.3987 -0.5817 -0.6097  0.0517 -0.0019
 1.6069  0.3774 -0.5736 -0.5909  0.0517 -0.0033
 1.5868  0.3567 -0.5655 -0.5721  0.0515 -0.0046
 1.5670  0.3366 -0.5572 -0.5533  0.0514 -0.0059
 1.5475  0.3173 -0.5488 -0.5346  0.0512 -0.0072
 1.5283  0.2986 -0.5403 -0.5160  0.0509 -0.0085
 1.5094  0.2805 -0.5317 -0.4975  0.0506 -0.0097
 1.4908  0.2631 -0.5230 -0.4791  0.0503 -0.0109
 1.4725  0.2463 -0.5142 -0.4608  0.0499 -0.0121
 1.4545  0.2302 -0.5053 -0.4426  0.0495 -0.0134
 1.4368  0.2147 -0.4963 -0.4246  0.0490 -0.0146
 1.4194  0.1999 -0.4872 -0.4067  0.0485 -0.0157
 1.4023  0.1856 -0.4781 -0.3890  0.0479 -0.0169
 1.3856  0.1720 -0.4688 -0.3716  0.0474 -0.0181
 1.3692  0.1590 -0.4595 -0.3543  0.0467 -0.0193
 1.3531  0.1466 -0.4500 -0.3372  0.0460 -0.0205
 1.3374  0.1348 -0.4405 -0.3204  0.0453 -0.0216
 1.3220  0.1236 -0.4309 -0.3039  0.0446 -0.0228
 1.3069  0.1129 -0.4213 -0.2876  0.0438 -0.0240
 1.2921  0.1029 -0.4115 -0.2715  0.0429 -0.0251
 1.2777  0.0934 -0.4017 -0.2558  0.0421 -0.0263
 1.2637  0.0844 -0.3918 -0.2404  0.0411 -0.0274
 1.2499  0.0760 -0.3819 -0.2253  0.0402 -0.0286
 1.2366  0.0681 -0.3719 -0.2106  0.0392 -0.0297
 1.2236  0.0607 -0.3618 -0.1962  0.0381 -0.0307
 1.2109  0.0539 -0.3517 -0.1822  0.0371 -0.0318
 1.1986  0.0475 -0.3415 -0.1686  0.0359 -0.0328
 1.1866  0.0416 -0.3312 -0.1555  0.0348 -0.0338
 1.1751  0.0362 -0.3209 -0.1427  0.0336 -0.0348
 1.1638  0.0312 -0.3106 -0.1304  0.0324 -0.0357
 1.1530  0.0266 -0.3002 -0.1185  0.0311 -0.0365
 1.1424  0.0225 -0.2897 -0.1071  0.0299 -0.0373
 1.1323  0.0187 -0.2792 -0.0962  0.0286 -0.0380
 1.1225  0.0153 -0.2687 -0.0858  0.0272 -0.0386
 1.1131  0.0123 -0.2581 -0.0759  0.0259 -0.0391
 1.1041  0.0097 -0.2475 -0.0666  0.0245 -0.0395
 1.0954  0.0073 -0.2369 -0.0577  0.0231 -0.0398
 1.0871  0.0053 -0.2262 -0.0494  0.0217 -0.0400
 1.0792  0.0036 -0.2156 -0.0417  0.0203 -0.0401
 1.0717  0.0021 -0.2048 -0.0345  0.0189 -0.0401
 1.0645  0.0009 -0.1941 -0.0279  0.0175 -0.0398
 1.0577 -0.0001 -0.1833 -0.0219  0.0161 -0.0395
 1.0513 -0.0008 -0.1726 -0.0164  0.0148 -0.0390
 1.0453 -0.0014 -0.1618 -0.0115  0.0134 -0.0383
 1.0396 -0.0018 -0.1510 -0.0072  0.0120 -0.0374
 1.0343 -0.0021 -0.1402 -0.0034  0.0107 -0.0364
 1.0294 -0.0022 -0.1294 -0.0002  0.0095 -0.0351
 1.0249 -0.0022 -0.1186  0.0024  0.0082 -0.0337
 1.0207 -0.0021 -0.1078  0.0046  0.0071 -0.0320
 1.0170 -0.0019 -0.0970  0.0062  0.0059 -0.0301
 1.0136 -0.0017 -0.0862  0.0072  0.0049 -0.0279
 1.0105 -0.0015 -0.0754  0.0078  0.0039 -0.0255
 1.0079 -0.0012 -0.0646  0.0079  0.0030 -0.0228
 1.0056 -0.0009 -0.0538  0.0076  0.0022 -0.0199
 1.0038 -0.0007 -0.0430  0.0068  0.0015 -0.0166
 1.0023 -0.0004 -0.0322  0.0056  0.0009 -0.0130
 1.0011 -0.0002 -0.0215  0.0041  0.0005 -0.0090
 1.0004 -0.0001 -0.0107  0.0022  0.0002 -0.0047
 1.0000  0.0000 -0.0000 -0.0000  0.0000 -0.0000
U_result = 
 90.0284   1.9661
 90.3737   1.7788
 90.6767   1.6076
 90.9565   1.4459
 91.2123   1.2910
 91.4453   1.1416
 91.6585   0.9972
 91.8553   0.8575
 92.0387   0.7227
 92.2112   0.5927
 92.3749   0.4678
 92.5313   0.3480
 92.6816   0.2334
 92.8268   0.1242
 92.9675   0.0206
 93.1045  -0.0774
 93.2380  -0.1698
 93.3685  -0.2563
 93.4963  -0.3370
 93.6217  -0.4119
 93.7449  -0.4809
 93.8661  -0.5440
 93.9853  -0.6013
 94.1029  -0.6529
 94.2188  -0.6987
 94.3331  -0.7389
 94.4460  -0.7735
 94.5575  -0.8028
 94.6678  -0.8268
 94.7767  -0.8457
 94.8845  -0.8596
 94.9912  -0.8688
 95.0967  -0.8734
 95.2011  -0.8736
 95.3045  -0.8697
 95.4068  -0.8618
 95.5082  -0.8501
 95.6085  -0.8350
 95.7078  -0.8166
 95.8062  -0.7952
 95.9036  -0.7711
 96.0000  -0.7444
 96.0955  -0.7154
 96.1901  -0.6843
 96.2837  -0.6515
 96.3764  -0.6171
 96.4681  -0.5813
 96.5589  -0.5444
 96.6487  -0.5066
 96.7376  -0.4682
 96.8256  -0.4293
 96.9126  -0.3901
 96.9987  -0.3508
 97.0839  -0.3116
 97.1681  -0.2728
 97.2514  -0.2343
 97.3337  -0.1965
 97.4151  -0.1594
 97.4956  -0.1231
 97.5751  -0.0878
 97.6537  -0.0537
 97.7314  -0.0207
 97.8082   0.0110
 97.8840   0.0413
 97.9590   0.0702
 98.0330   0.0976
 98.1061   0.1236
 98.1783   0.1479
 98.2496   0.1707
 98.3200   0.1918
 98.3895   0.2114
 98.4582   0.2293
 98.5260   0.2456
 98.5929   0.2604
 98.6590   0.2736
 98.7241   0.2853
 98.7885   0.2955
 98.8520   0.3043
 98.9147   0.3116
 98.9765   0.3176
 99.0375   0.3224
 99.0976   0.3259
 99.1569   0.3282
 99.2154   0.3294
 99.2731   0.3296
 99.3300   0.3289
 99.3860   0.3272
 99.4412   0.3248
 99.4956   0.3216
 99.5491   0.3177
 99.6018   0.3132
 99.6537   0.3082
 99.7048   0.3027
 99.7550   0.2969
 99.8044   0.2907
 99.8529   0.2842
 99.9006   0.2776
 99.9474   0.2708
 99.9933   0.2639
100.0384   0.2570
100.0826   0.2501
100.1259   0.2433
100.1684   0.2366
100.2099   0.2301
100.2506   0.2238
100.2903   0.2177
100.3292   0.2118
100.3671   0.2063
100.4041   0.2010
100.4402   0.1961
100.4754   0.1915
100.5096   0.1872
100.5429   0.1833
100.5753   0.1798
100.6067   0.1766
100.6372   0.1738
100.6668   0.1712
100.6955   0.1691
100.7232   0.1672
100.7500   0.1656
100.7759   0.1642
100.8009   0.1631
100.8250   0.1622
100.8482   0.1615
100.8706   0.1609
100.8920   0.1604
100.9126   0.1599
100.9323   0.1594
100.9513   0.1588
100.9694   0.1582
100.9867   0.1573
101.0032   0.1562
101.0189   0.1548
101.0339   0.1530
101.0481   0.1507
101.0616   0.1478
101.0744   0.1442
101.0865   0.1399
101.0978   0.1348
101.1085   0.1287
101.1185   0.1217
101.1278   0.1137
101.1364   0.1047
101.1444   0.0946
101.1517   0.0833
101.1583   0.0709
101.1643   0.0573
101.1696   0.0426
101.1744   0.0268
101.1785   0.0098
101.1820  -0.0084
101.1849  -0.0277
101.1873  -0.0482
101.1891  -0.0699
101.1904  -0.0929
101.1913  -0.1170
101.1917  -0.1426
101.1916  -0.1695
101.1911  -0.1979
101.1903  -0.2279
101.1891  -0.2595
101.1875  -0.2929
101.1856  -0.3282
101.1833  -0.3655
101.1808  -0.4049
101.1780  -0.4466
101.1750  -0.4906
101.1720  -0.5372
101.1692  -0.5864
101.1674  -0.6383
